1.3190378519815944
1.6556662112875187
1.327541568513842
1.6054412660392265
1.3435215562617997
1.747139311341594
1.2053445606148645
1.2269395130489917
1.2089174115525263
10.34620047468623
1.2997563925617124
1.5830090647976613
1.5334704050311143
13.184693457743576
2.711079112635722
1.4578506832157494
2.347445734205
1.3261110875581468
10.411189212828328
1.303522467700804
1.1943405741713213
1.2303904120745135
1.3286830635769324
1.1881882393511618
1.4533245905512482
1.3525814712742086
1.1927679886137397
1.5743844295021758
1.4260805070846985
1.9328220099163267
1.215478062286676
1.710509542787321
1.3970873712269436
1.5952634139841244
2.168282121469976
1.6361287235189885
7.980757632896605
1.220044966658923
1.3068510245096456
10.425236195591685
1.1875610502947151
1.249880626324558
1.6918786487299755
1.16968658742183
1.2062830455309403
2.3209405448965024
1.4159225676889917
1.25135639697105
1.3168849262416096
9.398364028240065
3.723993450400168
1.570212312573032
1.211831629235787
1.1935202823455437
10.387398701822649
1.3640406190728052
1.2335661145275
1.3081820158366453
1.3172332852169868
1.9268892796033827
1.490977323520229
1.2256425308574337
1.8802411252420004
1.1931221004079966
1.3476785472024648
1.257118256117017
1.354300895171056
1.437167085474088
11.025812500177414
1.2678399557868003
1.591714968521007
1.3325188362640232
1.2736233451204566
1.1624990011017735
1.2339550229349066
1.922487788656996
1.2490133656302445
1.4557251013261738
1.3864952590446202
5.536248824289836
4.306283095019174
1.6780534712481774
1.213447286376496
1.1856466989456902
1.369083240091845
1.308207971438986
1.3589641893654227
1.4516585132200008
1.2339223376700028
1.2501746597955634
1.305195748119416
2.409875116610406
1.4830214251934963
1.2282783433304045
1.2613860211705104
3.830544265223363
1.479946821303267
1.5018544487671779
1.2459369261194342
1.319182426985724
1.2645913216749756
1.1698148512322273
1.258371229460502
9.339823102322303
3.2139177423816765
1.1751905617503426
1.5656545674344717
1.2338190415779953
11.277698694508215
2.8423366676892954
2.2561451604135137
3.248305665469596
1.5657521468444864
1.3217753687548361
1.3294587503204214
1.2222945134899268
1.9529766860469522
11.440902099015657
6.32737071841292
1.3120290849749838
1.9455664107908819
1.3256858410296573
1.4148632819161073
1.247126060931326
1.282757174955274
1.4173884741507137
1.2816723272319632
1.3410343326211358
1.2509874343950407
1.81360887981028
1.244623280314377
1.465596394744321
1.4295933102034037
1.2606614423216798
1.2327443192825043
1.2178655512787697
1.2214442469524633
1.3728478180309394
1.2798070533717172
1.748415593805798
1.2697115204556781
10.0517951803647
1.1915076215988423
1.2744742547656176
2.1111472110495026
1.29496854929643
1.1683678020032382
1.2340841315872182
3.785476455480953
1.2667464336716414
10.525779035409933
1.4540513992230968
1.4734546372923516
5.650460429897672
1.1702469026874345
1.2308375254703527
1.5121385349103007
5.524413449842118
1.1960047278513983
1.3092283776836897
1.2439222987838563
1.2211581008155854
1.2069096581673602
1.4341146362835637
1.19216696486948
2.502727368897129
1.2490428229682984
1.4888912074804304
1.7318650311547703
1.713504177500717
1.5142700053619607
1.4131083224141
2.0832339953817813
1.2819738562679146
1.9268385180925702
1.3272211379789178
2.8275254608207807
1.2544266052442588
1.3683751975290606
1.2569932507080217
1.460154590938024
1.2406686534503715
1.3668893862940275
1.6196961018984342
1.2482131808132488
1.7194744916581182
1.3142399992793032
1.3087239271481854
1.1892988651044383
11.820962917132661
7.976620373758225
1.1723097800972038
1.2274371688942878
1.5273285913716426
1.156600797668278
1.2100363944264056
1.7698191509550245
1.3197912987463072
1.2582699724667559
11.291179578793802
1.2151097847786398
1.598136922451073
1.235782174740348
1.2628572925259485
1.4775417612214663
1.3308499115710672
1.9488378624359504
1.3734129030183828
1.3281295801221107
1.243221197566484
2.0541500777676713
1.624795244431047
1.2400870319265345
4.187865842800262
1.3802392138423882
1.4828506844525067
1.3817079535726995
1.2746495013828154
1.227173222639297
1.2501007887271953
1.3609719938802969
1.323861576946776
1.2180530690216904
1.3930555102425974
2.0335409471568395
1.5294474305783017
1.1616695845533842
1.224737672447231
1.3029809485700574
1.1828272988584514
7.112223378249677
1.666124025214234
1.577829367605812
1.3260453323662482
1.5947733370719424
2.847479883663845
1.189171238394907
1.255665987114752
1.3671256827520906
4.138958578268966
1.5278520524547143
1.2878131915762263
1.3147864741384965
1.3503555297392067
1.2075985361852566
1.2750821889940305
1.512142346683707
2.771215129971067
2.3332048527934366
1.1955335518737729
1.2461421585062498
1.1794965814359601
1.2125904240591148
1.3259831445371413
1.8431619421454437
1.408795186132836
1.2106258525031364
5.997619727606428
1.2948584276181967
1.4679669446666523
1.2678450010734128
1.3582262369105478
1.4244072445850307
1.2171814538932668
2.3897065973918314
1.2932971192666511
1.3249781482389302
2.4817879067706183
1.1745794905379805
1.4806371021601363
4.178095308014274
1.2759471709189394
1.241827405339816
1.9294507635100009
1.2772565675483123
1.2328894379593138
1.4540490389143854
1.3298271277867695
1.32596988440859
1.3655573795067055
2.1847496425985686
10.298946429045879
12.376754130478044
3.1552111650127777
1.271737876944262
1.1853219730306535
1.2024533727483755
1.3359426331253965
5.243470815887239
1.2006856057725859
1.1970259736390423
1.2388515171584715
1.3991136179837744
1.2899970006084198
1.2929102270461752
1.2509692793741733
2.360069054666641
1.4171915976889804
1.401500660520481
1.7197834895697366
1.2517311670254458
1.4151462821560776
1.3496923582528453
1.2623677418651233
10.427087131987705
1.2026797414980819
4.459358631713131
1.2822375283825918
1.2097176155472886
1.2098579569296435
1.234326667518532
1.297560481625009
1.1594445852541229
2.671830796894914
1.3171774849462634
1.4978060668310416
1.3932255357670567
1.4892787280508522
1.3737550657294
1.4615242548082832
1.2287637803577276
1.4428217611127994
1.2239666884301168
1.3607033953519891
1.5135167294721144
1.520253720529654
1.3481229909519508
1.261896572516662
1.760233580292959
2.6561440335915987
1.3017451699496456
1.2629751697061078
1.5744088279877961
1.6962498463968998
2.6665521320691807
2.843537611860172
1.2202872914135665
1.1566965501973323
1.269790019651961
1.2740085056886024
1.2982289326905634
1.2338911603924667
1.3596721390268094
1.7126750183179325
1.278138078429871
1.2056379469013008
1.294968790902232
1.3270722105287904
1.2543154582483078
1.4935159353227256
1.3245208900235967
1.287094105147916
2.1158481406687
1.7177446042949893
1.2055180287371667
2.5650515895730357
1.2317165651264526
1.3024424961817131
7.531836790202108
1.6159313552804204
1.4724241217277902
5.980066399641962
1.3195505141724049
1.2401344973400001
3.221842108630034
1.2699755744836163
1.280955647467008
2.1677742259422406
1.170902752752003
1.2410636744506118
1.2622638693243566
1.4939104656714697
1.18326077831035
2.504064794916544
1.2778647044720093
1.330012215308664
1.180077546133997
1.3572572180671076
1.341551492752545
1.5035480468655025
1.2354143961396935
1.3451271367499849
1.2801551331136047
1.9012355919939616
1.8198824642289269
1.395827526826907
1.4194301659290316
1.3033869126014301
1.2017837495170907
2.2672082634114714
1.6798273532843944
1.1283556633023206
1.562649339391924
2.369509239262843
1.2532659009011984
1.2142718492674953
1.2822948813517934
1.3726879498771591
1.5608495673800882
1.7168687978222725
1.2454948254963984
1.2179822841680945
1.199459831377159
1.2627137280418035
1.3811751586565069
1.7726470704410997
11.822140109128943
1.3479568272813929
1.8725477574220946
1.5054746912872274
1.2337131775066217
1.8611126701113234
1.2575367806790374
1.2356297153139812
1.2315967692814724
1.9992667714556267
1.9004533737012461
1.27215900021711
1.2381816685734415
1.2966710531230032
1.2955358921674183
1.2640801563790318
1.5884175911494496
1.2460791201277184
1.2257022885952626
6.034222756585429
1.2107213775461083
1.3553844985006345
1.1896714063061595
1.229381347428077
1.7719605134578953
1.3163491152940634
1.3326997568601011
1.3026611585235282
1.2506096810875307
1.7049769713914682
1.1533397988750358
1.202207349665255
1.1641988658323164
2.8228032171347484
1.2420335223390921
4.950600330167911
1.5376224364561737
2.0578411056854273
1.1923629880309745
1.7731532165036321
1.262285118704348
1.2442643355621195
1.154175031856202
1.2816325932054855
1.2651290143721936
1.2075255831680802
1.3228704890800882
1.3040296288539888
1.2792063173467252
1.1767033173135695
1.2840794197505514
1.2347189630805033
1.428012615446128
1.3323600849329178
1.2028718960408307
1.9024552812063824
1.3115306124106794
10.686668986053997
1.2610291821014803
1.7145711339172505
1.2409904130766702
10.965962828487205
2.366114198421375
1.2112717011026422
1.2912829305182507
1.6136778944066976
1.2386699543555078
1.202031331821199
1.611491055723392
1.240108230772083
1.2598103650103174
3.0666259625066705
1.3758794367984466
1.2277808491899163
1.1840874268437576
11.18955664913429
1.2704094543093394
1.3604330352577743
1.2215261134054818
1.216098228621587
2.9546121898113675
1.2134508187653847
1.2408283173013628
1.2707081737690558
1.3129895928471051
1.2672565953369654
1.5573485438836252
6.6810156379185
1.3864820548633494
1.207413300055797
1.3481126407603838
1.413148041535336
1.7765838687019357
1.2597933944664208
1.1856619300831603
1.1767240735241373
1.3259625938732391
1.927422165518501
1.268969492306602
1.436918649275213
1.4121773096901205
1.2464056497586522
1.1583198976353943
1.2174232423197915
1.4188113645912075
1.478612673374528
1.1744286706845484
2.3400398321532743
1.2091289166802552
1.204448690358683
1.2060310636196037
1.2128170393321884
1.45054458777348
1.3143157606002445
1.3459416596978047
1.163679071518128
2.3627213588765112
1.323390873977203
1.7348771781767256
1.5131701206511234
1.8819249925859518
10.089788440324812
1.9367718103432525
1.3112447344357054
1.315016007004834
1.4817262447564956
1.254933468509346
1.201082477685768
3.010095754912184
1.4351343596358848
1.2239584240208523
1.2386856499144412
2.5152045210443763
1.2675490775542084
1.278834713806659
1.351612908813895
1.5233462801112463
1.4274329639984589
1.2686239128748074
2.702843535885461
1.9746731535538489
2.2057077129408844
1.2052809808097642
1.342845045744943
1.1999326818287022
1.213025297663754
1.3149127856963276
1.2714040340603567
1.1930068882332612
1.2051730446049809
1.3697213398539976
5.344212065153151
1.467131384000977
1.279749076814715
1.4661764723180737
3.158384266220308
2.109605591772368
7.288788502439112
1.2287611964141165
1.1950976268475304
1.212139389198458
1.3119261585907567
1.7134178167371856
1.6500949687104387
1.255027945994259
1.2446656182260352
1.353060314957028
1.3708381006516706
1.2552468142845246
2.4119276700145202
1.3003739984022935
1.2787656469782194
1.4045063548192827
1.7113514845242932
1.3675871082692472
6.795074880284383
1.2635263802852232
4.461870022146377
1.4074425597676403
2.001824668929499
1.3920952466151155
1.672797565964276
2.014458263095285
1.176338942135085
1.318649101451471
2.464897147392257
1.8399407474853067
1.2300555464195242
1.4269326973760892
1.1850363236446544
1.278832509670139
1.3124244366181959
1.4598470175725573
2.6576263382077276
1.2638583446978173
1.7162348881018337
1.2693635405212778
1.3424021600309488
1.9585066467707657
1.2507963867003418
13.439744102046566
1.2319458266860945
1.6274384161902176
1.5942416176790815
1.1904502914908976
1.3109107844258256
1.215493445383852
1.4070458372148513
1.486730487690377
7.330337103806134
1.1402850752072091
1.2983540236171607
1.4615872093905513
1.259906872622697
1.411183816721292
1.369839101648993
1.2335556084685804
3.259725965511458
2.326497918909131
1.2720977913130493
1.3036297719274013
1.2704414685678327
2.933495851891529
1.6399456799945202
1.2561163532402624
1.1918893252146225
2.8876409784855928
1.3367114831544604
1.3938126191406053
1.1707493422244255
1.1909692359517245
1.4624260361854824
1.6371151201273197
1.3020677615928462
1.3342778256320393
1.2197996075187816
1.163767734233747
1.5256341586318962
1.255641393700849
1.249027764112825
1.5598828996417078
1.1992564928733438
1.2442718832151547
1.2560497405172124
1.4635979614376056
1.4045040819112458
1.3401721216637918
1.2251712888746065
1.951515901954351
1.2866945419026732
1.241362865823246
1.1980991619565522
1.2269599452817712
10.450658457696733
1.1557137020544601
1.1892355805098016
1.3029895907943894
1.2820509882070446
1.25241847609609
1.335891754204398
1.4138226979221868
1.1793716838195811
2.6752618805216866
1.3291469839510803
3.864988323082801
1.1746540924752933
1.2817376063170192
1.2507723099927006
2.3365757018516224
7.828523675899343
1.8910700195395191
1.3139083450449343
1.2927264917327523
1.2031672532983655
1.213308078127398
1.4365766728585014
4.418118600303751
1.3481215410134688
1.2571977426299568
1.2954088766712042
1.2120967679467205
1.3223681864927692
2.4105130616443384
1.2340412874082896
1.2742102096966184
1.2040310020823353
1.332343883118033
1.2866414753047415
1.231527882138823
2.479851181937673
1.3343974656815332
1.2332345972365748
1.9356171577099055
1.3244567825439408
1.6245742032320334
1.629298957708462
1.3727778530548371
1.4077813567361719
1.3161606007486952
1.4630287779869642
1.372343768314338
1.3263539790753256
1.2277598485714531
1.563234362112503
2.219064969139425
1.651632125708393
2.292700661180576
1.218722354487762
3.0748261137590753
1.2364217995503233
1.6089228688616355
1.3327109591791726
1.3573597772561836
1.241777682520967
1.4124029309424588
1.2719843454906674
4.168129855367579
10.552043541314363
1.3570158487220048
6.013084352973242
1.1975332124027427
1.3132342688669643
1.209880197420515
1.1406432734618492
1.2280267848392352
1.380899561053702
1.2615379169545218
3.260971442620205
1.2310980831347293
1.2676572127869252
1.2822388395891657
2.9474036610486727
1.2433720314324836
1.8201524502345543
1.1589674520267732
1.2254647171663005
1.3315569087306622
2.3300604659541566
1.2041740774562508
1.3337981064969453
1.3592003061564302
1.158744206436096
1.2174617171368034
1.9341207219928815
1.42854531434953
1.1884567305267404
4.2917346951075075
1.858094662817579
1.18319627359013
1.2980037052425586
1.235628206025528
1.5759755028239368
1.247685768095645
1.335659134327355
1.3342390640669264
1.2422493044209835
10.799382872603438
1.6565024818332645
2.3124661855043316
1.2803688731128235
1.34680092192951
1.2451753779102603
2.117358964993235
1.905982759745551
10.5460839288089
1.4310389991531025
1.2449524318459049
1.2272648861917574
1.632053462415953
1.3491633629825504
1.472365355446709
1.8073982091999636
1.806288214767421
2.924637468743679
1.1604150118501568
4.202679994395823
1.2290086298030267
1.215124384564581
1.200109772947366
1.591863144918346
1.2692576941533606
1.293302317922691
1.1746395544242043
1.2750191918336922
1.3404517482186686
1.1662582254033105
1.2738609182192728
2.440548092602044
1.2196872085299866
2.3386185247687536
1.3580335392254517
1.3269768860301143
1.2794340201372028
12.110598867277888
1.5370866818753448
1.2600560420777285
1.2456703257220658
1.5045675361147115
1.3651775167768203
10.344012256149279
1.2368170058723114
1.7858934880919208
1.4489042919912216
1.2766514993112097
1.8041445278477704
2.793381372667291
1.195698162150886
1.2391299471978825
1.3534278641398767
1.2326442152296209
1.2436555159470661
12.589057039701657
11.922401315280194
1.4204157602141456
1.269451558651544
1.6387481827340227
1.2786121184280372
1.5763759373063189
1.4716783364607346
1.3869787754382223
1.6720071401722671
1.4361195229900323
1.657339075424289
1.3709695673649835
1.826870663290196
1.2211221759221924
1.3952012028354264
1.1448157486197499
1.2041473215015936
1.2643004347875555
1.2294261268261466
1.3432797466744264
1.1861194155146537
1.3830846047463636
1.3684548748023952
1.2021916585445571
1.3123101256958427
1.298687504870765
1.6611942720055097
10.945032260047698
4.7204008447649715
3.2608329211489453
1.3020332960199061
1.2520024366836928
2.2418682828984187
1.3916539164472508
1.1966369789849356
1.3593853856944298
1.8901850101241968
1.3315875524533463
1.288098621610567
1.2461460169450973
1.9198146413738828
1.5202723471235413
1.2661814132302163
1.2328630507619738
1.2522075575148843
2.0851696319094835
1.3399314755737313
1.224220275348927
1.3181888613161294
1.2193362200051983
1.3237927361529067
1.2617092297613564
2.62405116426359
1.8584311536336484
3.006639197009842
10.404929215252112
1.2877535565845368
1.380354225044939
1.4129118696182175
1.244024474899006
1.3924586142411541
1.3535608036576074
1.2812050003207847
1.8812283165849353
1.239199865277289
1.2843942398406312
2.8402015428928187
1.4107608719850706
1.9483431231877286
4.032226298695637
1.255068552412251
1.22574464659901
1.245724355238588
1.4967294045341801
1.2992990089698107
7.656490913624502
1.3080565391610914
1.269806771875075
1.2272847154687454
1.1924912144134816
1.161321658873787
1.3370055997073835
1.5988247587797184
1.577032942295367
1.2098980691114747
4.923158568177256
1.5987901261148858
1.8732164112169127
1.340293607463875
1.1792684476517037
1.3874325432870784
5.478134270373176
1.1972597526701607
6.883315868193815
1.3116705142051626
1.5917009440818346
1.1439479486482316
1.461090865463219
1.24445140122423
1.4018239006187778
1.2394890347608838
1.193816485600344
1.2807791899900907
1.3444675445351078
1.1669060933173818
1.4224479903528375
1.2010304476471942
1.2951608530081014
1.2751066683560144
1.2684301599843866
1.223695644304757
1.3167022809657318
1.537508866556577
1.2346072491734343
1.7674222558029926
1.4179128203129538
1.3085497799796375
1.4777664088935158
1.8605277748609879
1.2539651883625855
1.2271307814628685
2.31995130827539
1.496199339010091
1.5416120811059688
1.2974067939517373
1.2667301838080072
1.9437327985219683
9.351996444648389
1.2802674558249634
1.4428015559306917
1.3176552936641668
1.4247191353876902
6.252659476974777
1.3787141006610897
1.2403463395830703
1.2367383544622272
1.299665309776178
4.220875383532026
7.9067092821968465
1.2610273521230475
1.2268664323040706
1.171964854705789
1.2573747618390174
1.3531615776132557
1.6563920668199361
1.2611611496721928
1.2736852989372487
6.275200665982167
4.021598429481466
1.2131873925350445
3.3039154794807044
1.327796578753361
1.3570848290183697
1.2106784265123134
1.186221927488109
1.5044850529658231
1.178597896155229
1.2743811969827885
1.4071962280127255
1.2750688883362136
1.3175889358686401
1.1363910319629513
1.2888500137038825
2.0869266075207498
1.833393789939938
1.7132916023148703
6.9081398668723635
1.2628772560464308
1.6288708780698253
1.6871358676000676
1.4483169610751172
1.1955492374434558
1.353168489814814
1.2620230544017277
2.0565116586805816
1.2288793704606518
1.4831465757429119
1.249669581678476
1.230044167830372
1.4339172499018926
1.3389299230835399
1.311251328362131
1.2173377059662815
1.3798839057609824
1.3276435671983502
7.298306533671182
1.2916737685608666
1.2829884915588567
1.3743053621779147
1.2859843982806354
1.3055688393978306
1.2384944782980456
1.2345825388522385
2.5927118821367783
1.2896220845139226
1.2994865119262158
1.4176969232488819
9.177422399528544
1.4373350000635523
1.2002086957162685
1.2305624293363557
1.267645459526863
1.288311114458485
1.3105242422134475
1.345340719199356
1.1642386253792911
1.2820540099604223
7.103880528785931
1.2382890440759127
11.33487430906296
1.3478272050276807
10.173546967166711
1.1626215974368388
1.161144221340155
4.494896389322776
2.339514935429355
1.44199523552841
5.138424921804591
1.1783016838788918
1.2026304292308458
1.4053098786294598
1.2443426786460838
1.4184077517936862
2.2022731977902104
1.3097120592754155
1.1806466237102504
1.5386704548270473
1.3923039686075525
1.260573934686431
1.2791878103265288
1.2804127776385088
1.2545868085017005
1.464447329747673
1.4108711847968696
1.4041044902856692
1.1876877494682017
1.232294338505778
2.296562660805141
1.197275581994953
1.2059427147635617
1.2983136380945732
2.3494662306768794
4.472247459192435
1.232347397542225
1.414536748353047
1.2854924340537637
1.29832138620045
1.6672744101307884
1.3691005744143538
1.1782284308633604
1.2495904752223725
1.2589400759253984
1.4728234657013544
1.2594225066836666
1.290816534867759
10.864857762639149
1.221201522706092
1.5870455089209674
1.3280175880570104
1.395226111892896
4.917551101137145
1.2386789094133277
1.435230207657456
1.2650145353656987
1.2298862458890722
1.3284357473099733
1.2359818790153323
1.2319397600335285
1.500090458168153
1.274724453683613
1.5417062581615637
1.2787240886868694
2.9779121467611893
1.813231306041889
1.3815177182883538
1.436192898417635
1.4336382061879642
3.032050553884152
1.1013662589349569
1.1517390583311733
1.1896183779136527
1.5819585987161369
1.7408511837996925
1.2413023138498396
2.819399126532974
1.223599958123418
2.5493766123669257
1.1643432771770748
1.3993581725625757
1.2637653485418476
1.3118796590198134
1.4104357835710566
4.064783205394377
1.392300603094741
1.5660654912941874
1.1172881079695507
1.7676957929712709
1.4885755858279448
1.302516074385383
1.8396475978175915
1.3537042705371745
1.650001559982258
1.4177900638099976
1.4478420236766751
1.1808970562309196
1.230382550289062
1.5096550245847458
3.0800743202405263
1.2688635872846628
1.2445078362114526
1.2877678259233725
1.2086180281789467
1.3226535589001702
1.3865574775246197
1.1985752738321165
1.248352190109963
1.2246444940213856
1.6164716949221765
1.4038615628075433
1.360848517130584
10.922970005070551
1.418156398272914
1.3961008842753069
3.858793669948982
1.269454601343081
1.626949173809518
1.391275037002779
1.3399889127460343
1.9513313158049872
1.7986130639292428
1.4116448147918608
1.205790392830323
9.089691518112714
2.164614560878155
1.6376716130910638
2.1247326059802223
1.2576718359990577
1.3773168744969269
1.2852692889695168
1.6416140009034619
1.1629295145859213
1.7977750022012398
1.3236035735879854
1.260295354506677
1.2277667971994377
1.2161340293887661
1.2590489026570357
1.431580670008715
1.1402526524576098
4.482170142527438
1.2710484248816927
1.3480227619304732
1.2906904925050409
1.2431477232112045
1.532161753094382
1.8751418151548473
1.1815570389502104
1.1334739989513736
1.184456020458402
1.8626249542014248
1.2215630545194367
1.148577998167789
1.4859095858850404
1.2221777610629496
1.3153290742618573
1.4046506479012155
1.1676459282512854
1.1764362297229953
1.4843923675670312
2.6675832852856325
8.213283263974139
1.3899972946399886
1.1595789015548281
10.48444608696795
2.560395282138459
1.207919162547596
1.2574592571095362
1.394577292741238
1.4632000620806311
1.3334643486471098
1.2682710219206768
4.50086924926982
1.303466809514974
11.157519571821062
1.379614181464598
1.3381451467606458
1.2643831125590135
3.5340442375715932
1.4576287456816543
1.211918946130755
1.468544678267817
1.33235025771031
1.415226897366064
1.3833350738453185
1.304364757249443
1.23044131625174
1.4558624466758665
1.1862398313307791
1.2459549316029486
1.2391402501053546
1.542783662243529
1.1798904269235164
1.2655609009745064
1.403026755763682
1.1887733172831794
1.4323939981268077
1.2051807217916735
1.3964811192016953
1.159787380208402
1.3602430134344734
1.8968140641528768
1.2588711241919286
1.3151864920010155
1.36089388935883
1.1697453484179423
1.7568416398944782
1.6194314515885777
1.3705024700224337
1.1694167286817234
1.2850481487056744
1.2840046300976016
1.964873852608796
10.31876797536808
1.2212284434174319
1.2023929140593141
1.176789663888493
1.3415886288536831
9.310313948376745
1.2443056373595511
1.6102168493266498
2.2448772958590753
1.3766584400109223
1.2480873806992765
1.4447617782510456
1.3119378820711391
1.1973881155530337
1.1997087020912023
1.2177326564945432
1.2874850161805353
1.1989375097515587
1.2866597448977244
1.2463685227012662
1.271825690974238
4.381464122764077
2.2483031287938227
2.3920003221732453
1.2154329290027392
1.6497388966543132
1.3905670270574413
1.188281850090025
1.3202574867672587
1.2613048773942306
1.7923314294156714
1.3725495688264717
1.302774106578048
1.2523728682405137
1.3908442360946163
7.760434512589286
1.3197348722361044
1.4637110502202968
1.2100544000187128
1.159824097422719
4.201733490432251
1.2930969219936486
1.1977092670016045
2.4794177623864146
1.4242019823217034
1.288848546833547
1.2570557498869044
1.290094076323393
1.2465835364099407
1.257886016951152
1.197454459777307
1.2330087996727555
1.4275184060691362
1.2759568590562407
1.3394659374053717
1.2145121308232678
1.2400421040464469
1.7237396885074432
1.2596443914935351
1.7819754461533373
1.2694525248531958
2.505142088123054
1.3036428950566852
1.3179797451516426
1.30900791619534
1.2020816055420895
1.2253349119970411
1.2138963290954805
1.2281724633945452
1.1645635323677321
1.7366035603955776
6.605904522100791
1.1919054427013216
1.478224783407747
1.3380110194495338
1.3475109411268709
1.256395912502093
1.2445125410207138
1.5813760179090706
1.259056745506308
1.3754272592940735
4.179047566656673
10.764097027485414
1.5002256469598754
3.492524650324107
1.139859718270916
1.4251786787405771
1.2163156535422581
1.3568830667907656
1.955019591924093
1.2886096628952783
1.374090233444471
1.288383290130751
1.4155089187666332
1.2145924454751051
2.8123611490447713
10.750614762355115
1.213529403036974
1.403454801173758
1.2307861038298147
12.59670585305153
1.3114600494587392
1.6716694522676154
6.2516632624264155
1.2584275244988032
1.4954067891946083
1.5336599454702884
1.428658386330007
1.33564954790799
1.2872988348910377
1.3761827004673004
1.2171265064498333
1.1822424697648903
1.3429371228844553
1.5778859370835268
1.230855993752485
1.3514124918537531
1.3082965011299326
1.2758175180553142
1.2182554034903905
1.258929810166697
1.3305733985653427
1.4043253753150169
1.2395266421315208
1.7569696259693273
1.2136777141408177
1.1977133864873433
1.2826382284206834
1.2621480577670532
1.4411938707276755
5.783487516843056
1.3032823797676594
1.458298596651895
1.230830254195082
1.6744007166458137
1.2984054350596779
1.1404492058406674
2.264236271054722
1.275963188356354
1.4783440605423797
1.2109995066972876
1.1469618802188046
1.5758348702402267
5.8216678927049
1.2553048336333115
1.2098336752827636
1.305951035032601
1.286294373305718
1.1952462133638193
1.2706342140516023
1.2049387076058442
1.436897654276723
1.330262169962601
2.818958684062835
1.472825256305763
1.7944714140462352
1.2530045437734565
1.2686899435126018
1.208698674642155
6.230050434916446
1.2620384543329388
1.4625077547993373
1.384107570237782
1.27826765728165
5.309392125584546
2.148609079626075
1.445435788976075
1.3351454317037508
1.249589810347493
1.1872638427486049
1.1776075924021026
1.9816230007138067
1.205331795001627
1.2294523054241808
3.145173251862666
1.2533057842031803
1.7152201237366884
1.2292629131188153
3.680629628306732
1.2738504986860222
1.2063134190886133
1.3032690218720049
1.3077402627384607
1.3260401223037062
1.184577890325484
1.2032350423792033
1.2319080802768383
1.3127049399431012
2.597671194824721
1.236835987453489
1.3767128297476041
1.2413774149445351
1.3801572453175937
1.9962524175739065
1.2942656303830269
1.327608091209747
1.1760411832206144
10.282354861280709
1.531614876799709
1.2728850322964362
1.6091064880228227
1.480342055193546
1.2596554791930252
1.178532309936706
6.244391110597894
1.6232921485243104
2.207872659285821
1.1892731835312478
1.267852081517415
1.2808971828628466
1.6760664505906604
1.2228662517100242
1.2819229863498678
1.2721823360556506
1.2869375503197484
1.371312314966039
12.077707277935438
1.518507226462892
1.2392392387779887
1.1378792184725866
1.31810476445927
12.948829938223556
1.277682467153538
1.2620157773003764
1.1371827304510207
2.4427408208785484
1.6116101964973555
1.238910999136676
1.28211943448333
1.379452478425087
1.2074272870344958
1.1798447463208364
1.2188048914981469
1.2943657053080604
1.3310550610786342
1.1917217860301912
1.2611989789714966
1.2001359486975556
1.7194773589308958
1.2993550226816872
1.229646285309394
1.3382720957757548
1.2479384510594012
1.224980238339791
1.3427096020997342
1.3384466037116025
1.6097829290227836
1.9370132393113375
1.2959947005010626
7.4457052373385295
1.4143822955084544
1.186698283550325
2.0859528838944947
1.54653325780491
1.1831246220635359
1.483865606969803
1.311344363381171
1.4417934429071706
1.212480059680757
1.3699773017049948
1.4402061346072195
1.3013956537476952
1.1812951249803783
1.3805295176591028
1.3414846014456132
5.187756512346699
1.326900636707493
1.2400129322024145
1.4265035701020081
1.272967830629791
1.7776054379165078
1.4470836949907349
1.5648109239686505
1.2594130495683122
1.4469100845100047
1.1943443966215035
1.248435118088764
1.242575055263484
1.3524131253577956
1.1732013962544579
1.1458525783552291
2.7685013651642114
1.1967763123283877
1.5265388972098735
2.020303294708258
4.023454895606864
1.2599530167220871
1.6479805070551987
2.1364510644428316
1.3100297381493204
11.972504153990938
1.282570227614129
10.23100645288704
1.1710857096559342
2.420502690043374
1.3482552219427286
1.2443207191515113
1.2561908286959724
1.3725671180689782
6.666853456978649
1.2501181083139343
2.391124741469721
1.1241283522197583
2.314126965659983
1.4433728665648593
1.2804971248267014
1.1932743621537842
1.4916296285649415
1.2600204304367504
1.1997814251110057
3.5775128537589436
1.472604150071038
10.761822030432352
1.4443496331119272
1.206906061013614
1.3865077454484467
1.5448099591201903
1.1754117531243684
1.3561381849590473
1.506508526920192
1.4495573570719609
1.2450950894917814
1.1665455906824087
1.2383241884972325
1.2712641508312539
1.40945816940827
1.1769303083029632
1.178494936056006
1.3191486346122472
1.45694677890336
1.8203335555507785
1.7784855791365506
1.2326623655666233
1.2482844200695145
1.2172238417691803
1.2263563302513076
1.3037535129473936
1.3291078732883812
1.7142253943393824
1.3667016898675612
1.2410253051240578
1.448374278529779
1.415465531561096
1.299305980190844
1.1611655415791144
1.2888004264225075
1.573068412513908
1.2790201771118699
1.1944694449009474
1.2599491200307358
1.3689457344761116
1.3153218225362329
1.3282061481436118
1.3437037199083504
3.456565250750801
1.8910374839165853
1.2010397670145374
1.233123130105441
1.337201836556376
1.371464141786824
1.3568475181489754
1.2834355047626411
1.3529724539746426
1.2452441162655323
1.3642967305060687
4.786088385114089
1.3014891638942905
1.3015914375032704
1.1945880921097871
1.1855971745088363
7.211169375274833
1.2693751555554067
3.5770925554491537
1.245151771124792
1.2996543235487192
1.2711795051454504
1.1647582923263953
1.241973861364656
1.59631266703893
4.153226083555641
1.1737701329900943
1.9063691427781804
2.5470165152005393
1.2438368572936707
1.2535120674725808
1.22192278341012
1.6552747144899655
2.0418970640891887
3.4033361423734676
1.2290391590238956
1.4272018109956146
1.2068908277784793
1.5531180220314333
1.2116710010496101
1.2254342616976666
2.244847242824095
1.410196108377723
1.2932540695984023
1.2617304113398082
4.6776789528265885
1.7655016289249645
1.108197161317139
1.2186697683203966
1.258585816558273
1.4224194333756017
1.9838479525057398
1.2802051370791983
1.290932720529962
1.3230005564317933
1.3149414880585177
5.340576220750022
1.3118145265694723
2.2561811470907527
1.9742411915392895
1.2109028428803128
4.228339649223701
1.4506671634364359
1.2127839579601558
1.285113545037537
1.288288079004987
1.1525617595457316
1.7858692083099346
1.236933970993971
1.4247309499819172
1.2913035899131005
1.2260913076238347
1.2607416319919986
1.2751823511931661
3.454177734458207
1.3023506356091574
1.2315370531644945
2.099057207395879
1.4648473923168712
1.2298337832030424
1.6112104908276144
1.2649320359393048
1.1702769672134183
1.2455247697312286
3.053331215981118
2.028332780893126
1.3032269378839096
2.8943112748099393
1.2446864032012908
1.2153327696179388
1.16225168094838
1.5643543604797323
1.2206879918493767
1.8752626492012634
7.316921428686955
1.2337284388609204
1.163033301692283
1.2722547615804267
1.1979195546087356
1.750221173975591
1.172747501735721
1.2248993229877625
1.2095816130656702
1.2024728434395957
1.2355249585681485
6.06720584120043
1.310606839113666
2.5439974286524474
4.832996166131872
1.2946014260222303
1.269048340458097
1.2984541602403596
1.3371639785494547
1.2020713070433904
1.3814281298311961
1.3035502912234707
1.4891982603335934
1.46458178754596
1.5958359272228133
1.3690136233431929
1.1951006531494492
1.4437609294083869
1.4332783746777331
1.2847824763732658
1.1956856218209908
1.333956227156425
1.433784972856986
1.1920009741027084
1.2164063370669118
1.3499948868456424
6.212132317004383
1.1772989781985677
1.1988521060954442
1.1826730487911434
1.811975409268352
1.2605435941842784
1.8887846448950396
1.3670566981850416
1.9918468490281502
1.3383834572695759
1.6392754528182456
1.3927113259678494
1.9590356322775504
1.3317638137868284
1.9264290226545038
1.2069138299266633
1.3619475788164115
2.1057134904210835
1.7134444704644216
1.836717865779901
1.504680363106551
1.2355749377026537
1.1774697485680543
1.3567287040066578
1.3025475937943234
1.2777038211972684
3.1207212030014118
1.2769175910429282
1.2900103559899185
2.477645885154847
1.3416426139731439
5.9038241687353334
2.987972789426216
1.6806651902924947
1.3098090598354588
1.5191113992364291
1.2345404815553855
1.1845095837958919
1.8385793931126704
1.3034994103092297
1.3985824643767106
1.2474775780705263
5.012899599171978
1.6013651196756369
1.2687819222484435
1.5801618523266727
1.250592629178279
1.416858689261359
1.2653110081239756
1.444384692039836
1.229368484703437
1.4792561475405286
1.2292973490367907
1.7549053840931386
1.3101237607825518
1.2912508968774987
1.331300111775506
1.2658862832827742
1.5205214448968283
1.491446857864226
1.2739950324096336
1.2186006921482593
1.2818140857996405
1.3770710230118928
1.326696995309783
1.2700141597692123
1.2848961752903378
1.2793080500341767
1.2832609942201265
1.2837690323060824
2.8298589839084616
1.1897302312611522
1.5023774968767463
1.2837589626280808
3.425674320438987
1.3731163444546
1.2787425079189574
1.3101478697795794
1.466421206060943
5.760751084933653
2.0578643206484495
1.4004830737901417
1.2319179196598138
1.2345515284033817
2.4318783571274696
1.2230610124265504
1.2295502733835544
1.2877351404528845
1.2826215140886257
1.4992568900248051
1.6725995220529408
4.840620418739454
1.2140208712689051
1.459661414347103
1.3620416401332238
1.1817983621760606
1.1662879508358854
1.2023910164574403
1.3102201610003987
1.789593758370559
1.9239925815911492
1.4935915726619662
1.3683923896160892
1.30311083879488
1.4686299754785357
1.794036429935672
1.178238611505498
1.3695461918539014
1.3216174312814026
1.3754722179389773
1.4794787033021395
1.367490331186053
1.2734152918106025
1.2351620123054876
1.3157350686540914
1.2694475808712518
2.2546302363963813
9.623283408190616
1.344182813458201
1.2777078725135547
1.9900782619638884
1.2544976382988549
1.4049998695335915
1.3500272113632727
1.2068612931674636
5.554722263441787
1.270844596836164
1.7294442535439396
1.495007214981293
1.2653604835639864
2.110246928634265
2.5466402330849243
1.1858634398349244
2.9493341130585065
1.3087806085328046
1.5020125253533165
1.3644495144058517
2.7482837177441404
1.4830686510091815
1.2080752201756364
3.5521222800196046
1.435302137163665
1.492945154372152
12.302803335971365
1.39664493532146
1.3155187964013062
1.2034438460823862
10.12170622339714
1.7933448087500594
1.2670584620998349
1.324602944542896
1.2561804388908373
3.3977331810198956
3.767672356653997
1.6237557308890718
1.1521788845233816
1.3883794363271031
2.5224217666674704
1.437404110242257
1.2347909738882197
1.1477457485228475
1.2656551133182508
1.2330227155549582
1.262453551756458
1.1885622674048122
1.2019874204173675
3.139796284194597
1.4539057760558824
1.2136026113743181
3.0029942337931876
1.3586379846287955
1.1506907961198531
1.235115942285248
1.3553123558690325
1.2798756135715994
1.2015650338042227
1.2948196100693328
1.3504196969193396
6.283355310505816
1.492962963778408
1.3931660801781014
1.2468593469785385
5.102674749439243
1.2834468667772965
1.308335472723293
1.2377507996657258
1.746584361163504
3.02434480743962
2.494299449755836
1.147816586663199
1.2011305514623982
1.3882141416119478
1.2318379591526964
1.3831497666810912
1.7112683891276088
1.3995000386307916
1.6117965392831213
1.2791579431705156
1.242930438676625
1.228021396806323
1.3140037331073353
1.285109675828392
1.254214909572834
1.2453430446465783
1.4045172616564479
1.225931381448281
2.5046409868256205
1.306722109486026
1.2957578984064482
1.3002821628869499
1.2752166977535566
1.2519665453829587
1.4680905533333515
1.2465198608206771
1.2139490045058159
1.179792219810572
1.2486524430233985
1.2170681832707897
1.845834265360753
1.2803303510610349
1.251979089739234
1.627391969876396
1.277623903423587
1.2102663948445758
4.377954358967226
2.1241008192064825
1.204528510908562
1.659882268044411
1.2403389215103373
1.923847903761659
1.1981771166838642
1.2437811067940152
2.3526559383056105
1.3712730730195815
2.4982518144439885
1.2339686729230495
1.7178994766668885
1.7470561028775875
1.3159972035238314
1.2153369898027733
1.3928026801212992
1.225376849256681
1.4142218407663905
1.2475876388015754
1.3330830445370827
1.3457535660172761
1.2944377104534723
1.2295711228382467
4.567466327038126
1.3207109057736806
1.187047862197331
2.212530298031893
1.456811745586521
1.1677723832510574
1.2660236284697637
1.2738611075205926
1.9474503444051101
1.278668383210718
3.159685812008025
1.57209341592044
2.1456670907622586
1.129655054186316
1.2968083662525263
2.3881262586348715
1.5900896940240734
1.7829893150980785
1.2081290717434745
10.278410556392158
1.432553497472722
1.4524158817717652
1.205959222000116
1.2199181354967599
1.2187293830166752
1.4200441439350038
1.5122859100392823
1.1851350379715184
1.3162067272666618
1.2495043824374967
1.585833310217819
1.2533951428662846
1.3700683112046232
1.3274162948860395
1.6029762377477175
1.3114529072572283
1.3969959963747505
1.321976215974041
1.2550048636247684
1.231678869220089
1.2429159478231817
1.7098916017365045
1.7629132452462821
1.1824524680585733
10.162637886755636
2.0964450019354453
1.2108552105765913
2.5944594640781222
1.259771963378773
1.267706917447248
1.2458835214809385
1.580873882805919
1.3327041388000191
1.4526528247417025
2.118915951326347
1.2405441613083437
1.2566883049811954
1.260366579508154
1.1517075111212383
1.445450481944934
1.2728564138849159
1.4319730568767122
1.3587078349406165
3.78947083774643
1.3375860441369123
1.4140320606297196
2.20993497980574
1.3059440812975829
1.1867376079856735
1.4543622052780967
1.2078003845440457
1.255708406448206
1.553769773747458
1.3203998614937915
1.6018778297162255
1.2662514070697295
1.2107420785625527
3.5922454334454494
1.3969501514957146
1.3166797079321442
1.9110325872834106
1.1867904725782572
1.3338788649159619
1.3222494057818572
1.210507067867789
1.2740400263826293
1.489185732805264
1.6838643248507212
1.1933986643855197
1.8009182625176015
1.1430223606274883
1.4287631160981926
1.2364209800626202
3.1546470171203884
1.5827250638485868
1.9223306534623295
1.2812123885910545
1.2380860557995381
1.2280525097887092
1.1897008984779012
1.2117865974560376
1.9816600049654207
4.014101087790266
1.293521916418639
1.2002145222142473
1.2337137752230374
1.2735543983134248
1.7744692059204925
13.6901012747187
1.159968985608199
1.2560193717872403
3.366966304401578
1.1795604178992747
1.199153847030855
1.2619695983019865
1.389805017895723
1.2796243307284485
1.3516000271037136
1.3038843086726342
1.3154832477753315
1.2523171360401921
1.3068992821327716
1.3760728003628269
1.3050025212992007
1.2272649345724722
1.2281853009614712
1.2416002449540604
1.1944017561209601
1.1876855628145082
4.27154189186901
1.8997035716941777
1.489528037173688
1.5561512060042086
1.789578788299084
1.237025737019631
1.312872118706407
1.2854231038918909
1.491289352072196
1.415331564337677
1.2179600479968231
1.5930431815650952
1.1744672262293039
1.5371577600447632
3.20147396699168
1.1671338629813706
1.3721612460068557
1.4853165897631895
1.1647370809236133
1.9481028576131338
1.223257423532618
1.3534818963213968
1.2534871889427306
1.3353276208935174
2.82916145990455
1.155603721675938
1.6447648182476202
1.9249834594311024
1.1968580397131685
5.587914480010632
13.757458196932863
1.3133944885366302
1.3268806639119646
1.2075943682308479
1.3483153997748638
1.4516743127996699
1.2809097644556717
1.2439130123307742
1.27309458784473
1.2026950073407376
1.2113018591776723
8.843349191542622
1.4585818447049286
1.273006779149158
1.5500200808195732
1.2573425349379794
1.2447225765158634
1.199382226034867
1.4337887035387515
1.2166366332670855
1.3758811017756631
3.246246009556132
1.6190189835619502
2.639958063295463
1.2571786669919498
1.1997088752810474
2.2319260975610167
1.3839975836196334
1.3088380986567154
1.6719159241336383
1.3579947951863924
1.3188066826195648
1.3375145216012334
1.200408878928799
1.5709425956387595
1.584810698778649
1.1988331713522136
1.2992185277454196
2.805457225936312
1.2296030840425403
1.3008677254042849
1.2182158510873429
1.1951856410123765
1.3927446199119908
1.4249295224197998
1.269377239257861
1.3546178580205468
1.4274345720108155
1.669048608711711
1.3009953955386935
10.12083590389308
1.2621783684216878
1.810691902743104
1.7340939776752986
1.2573113926843515
1.399751923576238
1.3114455377610725
3.9418854570361215
1.306137773763256
2.5273035335581158
1.5081020585724374
1.2522693086673429
1.5234844023559377
1.209794281072961
1.2600216597719054
1.1928846339575139
1.2583041932175572
1.46640938031201
1.553851081536261
1.3443781736395146
11.495091684387901
10.036843639041221
4.326819493025313
1.8818290311637949
1.323254232529848
1.733453294285439
1.2657517292968565
1.3757419995838802
1.3058569020717075
1.3444118502124172
1.3211322119596651
1.3088589749818123
1.255050222839103
1.2444921138759986
1.2500316448445004
1.3653872242886305
3.382987387291306
5.236480300844192
1.1807044373178746
1.3648073791495627
3.981913192791771
1.357627939543482
1.1871258292467006
1.2235076360166233
1.1964926993374891
2.1364499386682283
1.195740632934039
1.1843343015957264
1.5333689276026057
1.3491108469728423
1.2728595448021123
1.2828630760743587
1.2376036593898163
1.2480737785145115
1.252938604654126
1.4216863400901456
2.519489330885737
1.5151719634401264
1.2650985205956844
1.9341626262870042
1.197611185387293
1.266895337792118
1.9495410353154998
1.4016480010902126
1.246207829524944
1.5433904970487078
1.3181916119012025
1.292846523386805
1.1984687873123174
1.19171542736899
1.3625501944093086
1.2046881325676135
1.2971254443893834
1.2741773367924156
1.2444057546652565
2.154462865936231
1.2764946291524886
1.313739264705649
1.3876918797298283
1.3368043011912136
1.2408909456667911
1.3147401422087015
1.3681966718150749
1.3318227756347478
1.670971712456393
1.2918027073719807
1.2550820571065822
1.322697678546728
1.2526833281154717
1.2526738424374784
2.5382881780725097
1.2017042970374394
2.1109561519630784
1.2353411281175546
1.243875978895269
1.3214621169075906
1.9626279247033778
1.393457254426703
1.1904448735649704
1.2747683041325848
4.006064384683026
1.199183406703449
1.224122216292969
1.439312085922416
1.2476333182788253
1.285040225999053
1.198733434712282
1.3239065108026993
1.4979010069237473
1.271052494877528
1.2291968093713455
1.7158909511258034
1.2447153303356135
1.1751965734694156
2.0271653867232438
1.3777419017665995
1.4518470277376203
1.51801984772356
1.2505584209059775
1.1954836603933092
1.1765896015273969
1.332760904908548
1.2912342693566456
2.283570616282149
1.2633225390398364
1.1844261358481885
1.4774820602915466
1.28822344438183
1.2093150964122994
1.5729116421171523
1.203721896127261
1.3028894310316914
1.288905758393502
6.442091195765485
2.031912364021839
1.7805265921905127
1.195980504650759
1.2365172973272347
1.2665580297042451
1.4181194417556613
1.2575265565368998
1.2567439710036452
1.2920859576239554
1.2198290706762749
1.774205453579349
1.2645832462813555
1.1772135261275964
3.2321542788840167
4.5141832342568025
1.1369600001077733
5.55300061511729
1.2839447686062864
1.2283263257300414
1.2409224084029282
3.583218354199184
1.4401359336460797
1.1189487210134024
1.3143702128156256
1.50890076172607
1.3977492593140686
2.9085752122692416
1.300527471253279
1.8541834543548805
1.2464968219269563
1.6330944049436895
1.220569743071042
2.375214814657631
1.4308850112691411
1.7412196054805034
1.4359252949535297
1.1349364307829382
1.319329484118742
1.2291644457685873
1.7221163890050109
6.0597811759385225
1.708536036239393
1.2624258148999448
1.1330137145671109
1.4607702424495819
1.4878036491130167
1.33760297735999
1.407602635334688
1.1669025850141452
1.2292482129276203
1.418497771949136
1.3288948636468059
6.705109629481448
1.210329814515372
1.8362962092438342
1.2151488280541223
1.3748931160506266
1.2023660590745362
1.3931904882534465
5.836389550824915
1.4457788878304894
1.1986232981953446
10.061635111101593
1.4821282255648702
1.3150860127340975
1.5172523713458816
1.460200871884294
1.314017424043006
1.3658280450937934
1.2765616789002416
1.429391514295989
1.4273911076004224
1.2487913319717874
1.2503233007819663
1.4760514448211166
2.316431360964632
1.3121525185295093
1.4336950210404924
1.172620656366175
1.4528928961314742
1.327580763393832
1.1990900515860499
1.938044755556981
1.3735671925236
2.356838081085182
1.2896400544103788
4.38333109261279
3.3466699667160507
5.596284559399286
1.168818292313503
1.310712878513673
1.3251144367632282
1.4608477083766058
1.2365791400302544
2.291061041865584
1.176359039943017
1.3295038391714935
1.2401416672467802
1.3045866097932959
1.2829432641366783
1.3139183969530799
4.1627179189854155
1.5799554598251437
1.20326388943169
1.2021906226629238
1.3476442978419203
1.3795737146410914
2.1200255134885655
1.4532872703279351
1.546485189766953
2.8191455350475803
3.598012297735497
1.8003396575221573
1.3341090852649136
5.617383347043897
1.248544901323715
1.2829185477402438
1.2974580399601967
1.4178427708153531
1.2838160574651707
1.2147863759910023
1.2277049083538045
2.225592466138437
1.264777246871291
1.2634086221155847
10.242872137578383
1.3295315074895409
1.1604079208454796
1.2666674021650606
1.4072346751528897
1.3564078329689002
1.3339291652237737
3.060178493279091
1.3953308491074607
1.2760191800281155
1.2055292138985776
1.181311024040775
1.3977907434785282
1.4301061193828417
1.2954429357405677
1.2295564011484175
1.2282248409451737
1.5640874483279226
1.245379866549916
1.3309248852426965
2.3683096568711033
1.3015845865064897
1.981196431194415
1.5081234442441094
1.3893103509016613
1.2723824652612878
1.1890054917481196
1.3368946997303421
1.1932055169503437
1.2037546000800177
1.1815253282301086
1.2124149811540696
1.283458477079711
1.1810660405743352
1.6620686754836278
6.6856499212628195
1.1782287212892162
1.298690546791376
1.2407108016583122
1.2509870653190767
1.9678692976064247
1.3337348886950147
1.2346771106665873
1.8721078688332355
1.6571939478317947
1.270459424912341
1.3731506494637775
1.2871379612500191
1.70642972016383
1.232529242410422
1.1938064428140196
1.4788996564017207
1.351275900251451
1.2809944067496164
1.33085940069107
1.838451146790353
1.2257398827015613
1.2859179904681617
1.1808080731540043
1.2205160073644599
1.210144851838955
1.1776491313838298
1.2855716347974195
7.637722311269992
1.2818460217489764
1.2490745895622344
1.2058585209802672
1.3981987859706688
1.2022745305850182
1.2430039258461958
1.199580964475957
1.3768609093740736
1.2706356574202018
1.310779298495416
1.3743632621638295
10.449286603218098
1.24957678925309
4.78852699977827
1.288893944398809
1.3391442505491613
1.3913274281910626
10.740124393257455
1.3138985937418943
1.231668582980049
1.2300499665762687
1.2003954078581902
1.245040186908554
1.2332647720125058
1.7487316827153323
1.6919399460467288
1.3230121746538328
1.5813438776412956
3.6016233366843005
1.6093315186315496
2.7727240406053983
1.306504236025751
1.318020558996952
1.4225166991257772
1.7577153459682004
1.2884113714560894
1.2610626356441725
1.2841726246601226
1.3680290479368038
1.223561957752593
1.8865902431493506
6.535314698537464
1.1930157947211943
1.2970391262187757
1.8454723573635672
1.2368351431002824
1.1756477831555623
2.1542104584465873
1.278142368394167
1.3613959826179876
1.2514111209832794
1.4195962826855002
1.3949113257172
1.182924668543025
1.2862983709535356
1.302863342803445
1.3141056700443239
1.3213960534175042
2.2475002272656828
1.4003424800951794
1.2499676989869908
1.3193205402435937
1.8138644272738558
1.283970349668106
1.2442505104957489
1.454993733775419
1.3454400406435891
1.2083491671049305
1.2019452637051575
1.2064873399583975
1.3803617096449752
1.4965393076444724
1.3202882845934378
1.3014715611598593
1.4546990924595158
1.8480403205521105
1.5372567072620749
1.2558723873457422
1.2553697382636189
2.988483858627197
1.2510685786463065
2.2113649418139767
1.2641731476486422
1.1491557950105868
1.482625813476089
1.1630504317379466
1.5974487421693615
1.4592143995309939
1.2457083297548326
1.201111632475218
1.3655252008643366
1.8571021310518305
1.3063145259707512
1.6417136908150307
1.2414827444686494
1.1462672433475254
1.2469173436741354
1.4729402801367357
1.3569439669778622
1.1855621737750826
3.8361173880039137
1.8914296361015999
1.34973128598713
1.2052884793641543
2.7176083474684747
1.6102683132179614
1.2172508869758643
1.2654928019548508
2.430637978793606
1.5231242247046701
2.0977262312034073
1.389116501517938
1.18123710806393
5.413614844489385
2.716263500537344
1.1543817085047323
1.4492225214971999
1.3143320010327708
1.2957101934229858
5.968078770390846
1.2162475693819843
2.2006444927079687
1.2507740817305975
2.35662983470504
1.2397815122439764
1.7265129096912393
1.652999650027132
1.2619447652695905
1.2219120228453186
2.1415137713737873
1.3208631636854815
1.5530107382945686
1.2825263068290658
1.1756284386873863
1.29310052241396
1.260948027543582
1.3046418284877275
2.018978364089689
1.2473533691132408
1.2712544832092767
1.1905645606130257
1.2638047357751814
1.2015724195804518
1.5951575615783105
1.832757777304937
1.506898538885606
1.3168882643621531
1.190787670968741
1.1827381937071137
1.2587258013444758
1.3237513009302717
1.2677464376914407
4.043619698515424
1.6123058990889914
3.596215020531845
1.4663353805343942
1.2379774720836048
1.1858582744682609
1.7038445477351114
1.195126357812807
1.1824640486223883
1.3945386437239895
1.3384761685082545
1.9777837430061025
1.331541050644644
1.2456176590940582
1.213170063445828
1.4716692934448656
8.783110512777483
1.2806047752420746
1.2689774003366214
1.3719381353480786
1.2402670863210639
1.2474270202936022
1.659846208120796
1.2440234203730713
1.3216000091859899
1.508487825490972
1.3241674175291038
1.2906946878348278
1.1794933229433773
1.2884338199701573
1.3254457523267185
1.4238813113828486
1.3334992461297162
4.2881534283438345
1.272359175701509
1.4987312032066344
1.2200544294471063
1.402197398210443
1.421446034479204
1.2742006683771985
1.2094748933851662
1.4124254365296467
1.3564964475699548
3.236684722103159
1.1675771467367324
2.5129196682353543
1.440946561250096
1.1958011465527818
1.3756386356856762
1.3197967362152963
1.3884825122613
1.3046979797138054
1.1953724173856226
1.2056452982281647
1.3173575117068907
1.3788624845949773
1.5744947752226843
1.221505841429333
1.2798312076752745
3.931235532347411
1.2601763452069916
1.2358752387018979
1.337237247033801
1.2302701613244371
1.3515893395362004
1.533283482562207
1.2583283432444077
1.3973391373184365
1.37454485798105
8.848408305542161
1.1953041697818945
1.2318368578219654
10.010796552710865
2.1361986986673234
1.4510006645387767
1.2539550046616303
1.2313427669602548
2.073939280114904
1.4332663217850354
1.3330799401861313
1.26542831662442
1.1796047256427022
1.4772072143568091
1.434243547969552
1.2679585397635391
1.2365354807444355
3.3823208825066775
2.3372205943333793
1.173554037638446
10.415851734149939
2.2131466741382213
1.2510055958562925
2.801307973750811
1.2191859289174072
1.4803485228812931
5.496185845781486
1.1953643489060954
1.5483525598757344
1.4083433138236883
1.3616230349185967
1.2302830588370546
1.3533630822819354
1.2740520146185086
3.734303178284283
1.2124544843556666
1.297676543207617
10.529304160517173
1.219041834118352
1.4446814336491527
1.1946514807387074
1.3150967389554367
1.1875999569395288
1.3329543689649281
1.3733525493305319
1.4364092095422987
1.2848627236142733
1.3566482526042059
1.210967803156831
1.2697147075558122
1.2415671820547525
1.2929767183484335
2.6152117424667014
1.1824673978070122
2.7137253821515532
1.537249883002213
1.1790524898004286
1.2094854872343952
1.250109091181392
1.2255609302103878
1.3053355916256604
1.224124212105343
1.2314194666987155
1.3197849303305624
1.2494325345683515
9.913202972293396
1.2245006768385738
1.3975298264963043
3.449680775108069
1.1319099094416767
1.4471587400019028
1.2184110161405632
6.504675974102048
1.2974933062605234
1.4564244002560969
1.3669057713243904
1.239938328562083
1.233754135585855
1.1949017458809028
1.335820845411541
1.271259628527505
1.2102084396643573
1.7067338984817972
1.2287727797540826
5.194078149723079
1.185483636265375
1.5485656845362068
1.616431614027265
1.1747455639701172
1.2476280388074792
11.686431780826801
1.1637000779414497
1.335710410454537
1.3696581584136267
1.1708646957692153
1.342645287993044
1.40468805670867
12.659416013830853
1.958595468021705
1.249260553270746
1.506787504437942
1.171986880672873
3.241181464036
1.2590917953495353
1.2077348336362164
1.4555489233605226
1.5909645471962321
1.3750157530232994
5.448811597519306
1.208793082861471
2.2086521921460904
1.2496836651551102
1.328175894239771
1.2389810118004965
1.3491608986315227
1.3314831742786075
1.2488125251681645
1.2012728161792114
1.2659628599175337
1.2912139325798389
1.198005865360627
1.3267713883393186
1.3403334899705899
1.582211037895814
1.713944298707418
1.2893461521260758
1.4220831491828332
7.387074676472453
11.926176368938721
1.2296877906811492
1.2087127112870633
1.2259173010375055
1.5975517031794837
1.3605294833172679
1.4195579887789815
1.4258978625140832
1.2982729225349976
1.2912242105490086
1.204508039088722
1.276961989568111
1.3220994855098502
1.6127108383660596
1.2614903813221108
1.3095087356816362
1.2016956640766516
2.230309826797838
1.2659916098304451
1.320750290428124
1.8596548307261145
1.281882813656649
1.2844800555682534
4.415336371933814
1.191268033132191
1.4163505131209548
4.964722608195364
1.3608798682057217
1.2807504930114226
2.1888005539463284
1.1991946922039993
7.325917294999094
1.1745708259436862
1.6879440685881737
1.5949669442660854
1.206348606683494
1.4745055540624117
1.1746345498053803
1.2287613908309594
1.3736384925353926
1.2095048615833748
1.4844541714172728
1.1743356614891292
6.573516818529371
1.2886308723279811
1.1860881339329503
1.2126218531885444
1.5025024454684566
2.146141077815404
1.3244318787094969
1.3470160092960515
1.265641594019761
1.2432643337471894
1.312084870269367
1.7031510416644013
1.2055275494283373
1.1344579802169954
1.199382803174248
1.867835882440339
2.250628606401089
1.2755098931646938
1.2701898612877796
3.026067368492114
1.6057506508065043
1.2538158439448768
1.2359124912740032
1.2668972631117845
1.2871114919602402
1.1882240093325613
1.2914679460985663
1.2119450529203983
1.1991808111504167
1.5805885306375158
1.3822404311581689
1.2586939389123502
1.596543480945496
1.2302835884712806
1.5677601599507156
3.0292775330644526
1.1609537510092822
1.314272120459275
1.5421868527246967
1.203484489230628
1.7351346181771734
1.3461449618493437
1.2345876517206178
10.138316617456539
10.103172709873734
1.1750973676823389
1.1916809033153044
1.2570231616440743
1.2524204491169715
1.2254710463598557
1.9806500196331336
1.642841934805749
1.3868120338737908
1.231677367417154
1.210707977042143
1.2087239048198595
1.2007960925286691
1.3488919982740017
1.2962779365209256
2.252224200257713
1.3269203624414283
1.234256181315135
1.260952980113355
1.2019432755665544
1.9323506709764313
1.2662564416764992
11.345419079973482
1.2273189089969092
2.09187639312843
1.5537566985471862
2.5681755640080195
5.1031997380555305
1.2388702048987037
1.2523851586810704
1.1953481313229273
1.1921609958381005
1.5597687940615232
1.1822702162530216
1.2712520469957622
1.3429164789624934
1.371365866676024
1.7454676035092143
1.292720317748587
1.258556108205902
1.4778339348635343
1.2539501880520292
4.187659205083843
1.2493279080158568
1.3380918035993723
2.0805678123675135
1.246620159676889
1.21172832819493
2.035742755416638
1.7086294967411715
2.6535418996774975
1.4069223111509708
1.3038096027943336
1.37344414110208
1.858147853474031
1.179438971726363
9.180231920034172
2.5799976606733046
1.5460774890623092
3.802088323150189
3.4806819951994314
2.780918992966559
1.4220003438202435
1.3107700268377018
1.1813642321305053
1.2065563286494607
1.3099015984947489
1.321549702306411
1.3638191970341589
1.212082336181665
1.2583785724379186
1.2052654670118512
1.252773298637335
1.7496691502234396
1.315341572858614
1.2578731288526983
1.3428072601458638
1.280403188709992
1.284325892867749
5.543132879251304
1.2729148410309243
1.254202419714172
1.5538151711367671
1.5068826299068236
1.5152655666534431
1.2414992265438607
1.5001357865682823
1.2175049332687033
1.1768778891351555
1.3306617457234293
1.395976902498353
1.3982778429127487
3.3091092504456965
1.3922860915739204
1.3080227615977806
2.3527798833038536
1.1892833804850897
1.6956406840260168
1.2797784950464384
1.355248218020127
10.045402561990146
1.469063089823404
14.98376113075583
1.316470646161412
1.3175557103693976
1.2180194066947183
1.2608051198074839
1.4603775168287343
1.511588004051281
1.2511706074262554
1.2104526225219125
1.2722891037356414
1.5588429884129948
1.2840895341344278
1.252423474958122
1.403447917802588
1.188289680762693
1.9596170987104333
1.508753130228048
1.2236813308295111
1.2804859895440341
10.02799969598797
1.190475203533583
1.228294964966482
1.232456477546207
1.173527838426493
1.2861311647201203
1.1999872396125264
1.5172096414331815
1.283860574525846
7.340641539189196
1.3624263350537957
1.1980785824744085
1.355996846242551
11.778850872468515
1.1848306601231624
1.300757393471431
1.1976375679791005
1.266231843641991
1.2886197874788419
1.2494978473650526
1.1905881726594116
1.2458541851949079
1.2969701649765952
1.367188473225206
1.244911149472875
1.2352130466473337
2.1823404988130037
1.207926766652898
1.1906562407749055
1.4465691142012398
1.263877021353935
1.3032910143589653
1.2411726785179853
1.228611588064717
1.319616375116402
2.2016678627135544
1.1771586475733267
1.3074713305953864
1.6808192545684937
1.6403316095736424
11.102177551891394
1.2190278038689655
1.1956321356745767
1.6376766264912188
1.370782487345859
1.2354826494482822
1.240902080217141
1.7229245092931367
5.164023503531955
2.0515439560802022
1.393971709902247
11.25435258368907
1.2957071086841006
1.3738389632995542
1.3689746239410838
4.950017034032973
1.7628724464931886
1.2151557910445674
1.2070626725162634
1.2931248035877743
1.1885386014514117
1.3417239832000125
1.2041467986125978
1.305211522761516
1.1776938242631316
1.2261379147691065
1.3654793193139587
1.4409314202308248
7.627457559886021
4.898719883169712
2.5039306124331393
11.170115197970832
11.762421206501603
3.536303389208011
1.1909054476531953
1.2490855275767858
1.3207314929962435
1.177930442563735
1.2973169348618756
1.25414310580231
1.2647593974191977
1.2610334177675506
1.1918995376513672
1.2456270162986582
1.1628710496104662
6.551041480240917
2.842372085956352
1.302304982030984
1.172619407577116
2.7290082194766097
1.2428263430015063
2.5948175325114815
1.416261700284722
1.267569992183048
2.0170151331645636
1.4597529824676736
5.093006375924677
1.8611572782479344
1.4955728274569933
11.811475899646883
11.491281558836375
2.9195261753384325
1.1668093830444248
1.4503631270656292
2.8261240628319544
1.2934849871343932
1.493970532500994
1.3036906422795005
1.2474298079021189
2.010342161827348
5.035102188169029
1.8850157164099879
1.335412682290049
1.4521501373066266
1.3560642064968944
1.2083226543793304
1.2107588336146873
1.3064547416884786
1.2012848023212657
1.2496394247198404
3.106364405687339
1.7909183491359286
1.289981083444786
1.2213751758340454
1.2743513692404136
1.5436487030088724
1.577169710737342
1.2110747888195539
1.5507249746895893
1.3063848200948662
1.1919041144092326
1.3522263058814967
2.1218131697134672
1.180467345314431
1.2962630742830519
1.2212097739314216
1.704809926760979
1.2396195326241943
1.183874416476401
1.2419005531220448
1.2255648489559985
1.2186856674157376
1.896831812894125
1.323536940610253
1.5505376822147114
1.2203555914142163
1.4303069482272934
3.189161780198447
1.1794983087699324
1.3958608325859894
1.331255984328796
1.2212865271049362
11.343116324814961
1.2438343858199972
1.18226473868625
2.220836657423753
3.137523981389788
1.165487292509523
1.4933911868907996
1.2579950824897346
1.5191681638703218
1.5623647455764744
1.288122595857489
1.2534665078709726
1.305167399586594
1.2544379463560724
1.8908958079440288
1.200350208811718
1.300636055566395
1.7021373458248699
1.503906762674954
1.2249406578824922
1.213292796578205
1.246983893375852
1.2259052497965612
1.2696831785165905
1.2473608758764112
12.115867690589802
1.502471337141245
1.2511742812378956
1.2074697566182688
1.8743352387505312
1.1824567729946585
1.9691837430706236
1.2800205751095974
1.4504822360578191
4.564926052489097
4.198410816462975
1.5201338019127624
1.1907640754710922
2.148450744223357
1.3317801078166525
1.3405607743253778
9.497519910211329
1.383911945283941
3.4477068471744556
1.2045604217918784
1.3693499195025827
1.1656393957456999
1.2274800090906126
1.2591713766378263
11.544124300239273
1.4117762652048662
1.275008061321666
3.4480308352556786
1.2500957982367629
1.1718705509051468
1.2171827995728768
1.2749944733756133
2.702369585341424
1.7583539381515918
1.446960886323701
1.1888192381106637
1.649591576522667
1.3518266014363978
1.2680673840744208
1.2688877532903535
1.2312707176909505
1.3252718745925989
1.2725708267858922
2.190128350208038
1.3075691663359816
2.5689489046637357
1.3707174839372163
1.740045473335264
1.3674876434970211
3.007603595514348
1.2178884197490976
1.4288567999018442
1.446660996126139
1.3394695394296794
1.320257929495846
1.2511240480740868
1.2556874896467227
1.2150757738256244
1.3310484679422763
1.2781773843723219
1.2550549406556504
1.239310979713565
1.2560606669239163
12.730956701846921
1.2792449137437867
1.2486350709282688
1.360474576864164
1.2120063471804596
1.333162980429572
2.1595988691363757
1.2021995192632984
1.1448235540590745
2.3452099592951416
1.1816145645487428
4.73478237725867
12.499841153569633
3.162684860269289
1.2430554370738633
1.57374744331724
2.9499017646131884
1.3241840154082651
1.4617680088429403
3.0769863912945477
1.2273237292526422
1.2774909350544623
2.9321264252997308
1.3129815845950503
1.2384455105041994
2.1672980982747134
1.170495510416786
1.306218742032991
1.1965315901162747
1.4796864697897232
1.3269142231433335
1.1799206816032215
1.416791785510223
1.7643146892236359
1.2795659823108556
1.2617670478565317
1.2054503692097087
1.3617788515694924
2.1420515726122735
1.2250673516089152
1.2592228821808433
1.3484021957817443
1.2777604848829993
5.1509812448142815
1.2534361639936697
2.0774185835852568
10.180906860222942
1.238096001950379
1.1822660684234347
1.1640882346654537
2.309913122976151
3.023714690221824
1.5690549999037238
1.5713693109078268
1.494345838766065
1.4107050174927436
1.4500464440666536
1.257189297997856
1.292711303829564
2.099677887672618
1.4512533552473605
1.3420503350134585
10.881769247688059
1.1944295573922936
1.4120605496155048
1.2089369500958154
2.3297435101473454
1.2136634172121763
2.2373759211528688
1.2379301075826952
1.2372656751398674
1.585505535818431
1.2519649288979753
1.246320880280149
1.3501888683032106
1.180280294349232
1.3310941888632093
2.461651772426867
3.249692679660168
1.3381959893716386
1.8205335429746492
1.8188457568687733
1.2533648716026302
2.58129940089826
1.2894966131680827
1.2290187255860419
2.2857434486694737
1.9382265806828687
1.2834023732626365
1.4485511392103803
1.2349464924827354
1.2013972941944686
1.5776814978494877
1.3165693055138556
1.1542120601590744
1.3235430218925635
1.244443457869949
3.272597008726186
1.2413327960201488
1.206171184441155
1.4436302459098496
1.3772520502637304
1.1884093091363184
1.333075935163615
1.168914981339591
1.225348869757296
1.2125436076664573
1.2699918977671478
1.1903383984465272
1.261016301743892
2.1810853988894947
1.2467269176174889
1.4259242885367518
1.2204065070257588
1.3831069337500406
2.1570560182902048
1.7497517925703512
1.299823722791932
1.690664616713739
1.2094742800656841
1.1826127064006198
1.2810044193722905
1.3097865199972536
1.3947692655179826
2.831365187951901
3.9599702515695006
14.604888483130795
1.3482868669256889
3.5244570368869583
1.261541047326112
2.155991625231154
1.2186076685902747
1.1984446210853514
1.2537512451167871
1.2101532910584878
1.473675981690579
1.3108318551195524
1.3183666324863623
1.3290127221479855
1.7316025572607763
1.3289329272021149
1.2134535895648186
1.280980185712557
1.1711316726457646
1.2729188274409557
1.2928076601894551
1.3191007401619368
1.6637440532366
1.2709831513821526
1.3628026492072223
1.2510505647843508
1.5134206478804773
1.3735449602447136
1.2405400324290001
1.649194554479884
2.757155427801269
1.1791407665622322
1.4827662189355637
1.3194205912720651
1.2100592409649567
1.364419696520717
1.2013456679559957
1.288803309332832
1.5355400406065423
1.4038904539054369
1.5157169573862088
1.7895943767090432
1.2174434009400912
1.2281481258938254
1.3811612685794872
1.1659729815140156
1.1940558373462857
6.528949402719827
1.8694477657247326
1.297877052242698
1.452070548709441
1.301971048596774
4.030032362047741
1.627982890770414
1.1820505815204054
1.6807698767546673
1.2382946099700796
1.4475357427156386
11.138594887887448
1.3478842021494897
1.2627193980866989
1.202543916427844
1.6213190579160583
1.632648606440785
1.813465839039098
1.4350651602705633
1.5628816691008582
1.324816848186389
1.6710722196062098
1.314245542378334
10.143704286708793
1.2341732217332109
1.3809818077007958
1.3353212182640317
4.514803064309833
1.298860272659491
1.4000600268666212
1.344255942017024
1.4360126268425932
1.259738057496337
1.8980845837715048
2.0758724735617475
1.3157183686452518
2.3132263578341568
1.2849712981436117
4.5725771292060955
2.7301716556293805
5.500222936967951
1.2458923765777883
1.2573618219116427
1.3648228271187393
1.37977140875947
2.8208633443985924
1.863037539260674
1.5139271637613816
1.2141815503495763
1.1937328997748893
1.2848248371638644
1.2665752886126997
1.237434764104482
1.3512525628455594
1.5270379045702942
1.4711077005488593
2.933812123886913
1.1898250283794096
6.8366464707349435
1.258660053386619
1.2169431720521782
2.4301174630098816
2.360818910271877
1.331297643429402
2.165145109586675
1.4147124427019857
1.1935298317374503
1.3941700519519764
1.234880278661588
10.267455212568564
1.2433190632075115
1.6276826432884814
1.1314615235948517
1.5628906209509807
1.4773350288195182
1.3008940092911716
1.4299277878707022
1.249590805377997
1.2438545295040604
1.2566398964916965
1.4853502834702164
1.2671302965362956
1.546536264220649
1.2142211125878453
5.461786242880099
1.2776778033597518
1.4023495318447203
1.3903178445673028
10.162623772332978
1.3184657350644542
4.043640726206647
1.3058391582715245
1.2927913932951556
2.1159791595844633
1.2371359870151761
1.2420424571658104
1.2904093012226094
1.5263086541777975
5.493424238010942
1.337696922904304
1.2551160948775615
1.1565101005447835
1.318287393711198
1.1459816108396703
1.2100708420480422
1.3654636232932176
1.4532588577014252
3.60043356367782
2.4498137804501545
1.6145403345204892
1.2850107372532342
1.2270082747781166
1.3633711557681214
1.2668276275624428
1.9108991424278159
6.103025743542187
1.2046448959495
1.211635773348515
1.4388307175003807
2.298156585576834
1.3914840817429774
1.2644264838880488
1.2191177359285443
1.7278365240486044
1.2657182623840644
2.491305090136132
1.2533885923527717
1.9519072707778078
1.7625901541583668
1.2711348603401302
1.436105569569516
1.2726463117473812
10.399366476470128
1.1983743999037908
3.2612984476199767
1.2985789950436817
1.2771878177062816
1.3454069025418511
5.825732714584286
1.2769858235373053
1.4204517631587892
1.2311715701237749
1.8912327012921213
1.2937631279518258
1.3083096687384264
1.3508413564995174
7.357762746383102
1.5152015731906645
3.0914940070083494
1.3630158907762695
1.3099413986777722
1.2796661884091987
10.177766211123112
11.585733569617782
1.220954337047454
1.2583878101898842
1.1908447248290768
1.7075404996070387
1.2319087010519787
1.2590019607644372
1.2401651386887518
11.669564160005963
1.2283412848380193
1.2812459328341776
1.1936882913369797
1.278811825014444
2.615028819501158
1.2140481041212599
2.7228491824477032
1.2719566906974067
1.23218254065281
1.3706219021124044
1.3023228396238304
1.3380907702442448
1.2533460698307712
1.7493268588038997
1.4584788812546863
1.1686305275979456
7.592705829151951
1.3120483599942816
4.312618379473315
1.1910072143218609
1.2658292090414451
1.3189678802994977
3.149191467971554
1.3546373643020584
11.89287281467937
3.813297702116702
1.323257012938075
1.3327277633715735
1.1904443571360788
1.9226204559497084
2.9306469842935856
1.3050690162584304
1.2517339965994694
1.3651371292772598
2.5811595904913265
1.7516992092969712
1.2131278753343964
3.2032505998522804
1.2519293080554028
1.1577033067933062
1.4588447068284816
1.3092442131978197
1.2963489630311937
1.2631659141675593
1.1995853905419105
1.2272845311082203
1.2336760563147953
1.6863131082745975
1.4752803052989756
7.52446218304878
1.711529307914745
1.459767390617231
1.205363595689105
1.4553879518094845
1.8345557484474064
1.3278415787569182
2.676696345764435
1.1761668404766403
1.6187791453349394
3.1690296405419067
3.0459323436929715
1.477731482457218
1.282525718972606
1.197254009700213
1.6740663251728227
1.1992476236863865
1.2676001440754734
1.2753322348895395
1.3276202908992714
8.454540067151045
1.5651721220551353
1.148398676560001
1.362562925566377
1.3412037721562804
5.740195268983134
1.1881251436997784
1.279542453962359
1.1732326271607887
1.213107932119689
1.6120130310326384
1.3140597640465401
1.23395312165708
1.13710230412923
1.9829303320929732
1.2742285070534851
1.8266888610097944
1.1732087995596656
1.2977760104220195
1.45727165732321
1.3513268656622874
1.2391523736740413
1.2295298548895275
1.8001518117779982
1.4934742086511346
1.517767285140056
1.2686544794063992
2.3607171921678445
3.0977619040808078
2.4502910370457522
1.2631214908309554
1.4694485637432875
1.279238433192448
1.2280367984144847
2.289688221801881
3.0768971937555176
1.2564855749368635
1.3297429478065217
1.2258165125690408
1.2506630045579283
1.3538602909998236
10.612760039405499
2.753332823222538
1.3595286664000703
1.8164303147036234
1.3160514151176372
1.6963106774671437
5.028712046247056
1.2442067811638475
2.58972718709914
1.312211729973539
1.1986108806063147
5.98459219444645
1.252126787156961
1.3083323081124023
1.3063420047163374
1.2093315290072613
11.269810460939155
1.4510447256423835
1.425038417751766
1.2553653926838595
1.3346681040703605
1.217913598130557
1.216313846514055
1.334114817587094
1.348217240214395
1.314655721661127
1.2454337901539756
1.604404949682162
1.341202811853103
1.519668850394255
1.7230016450094254
1.2666048474707587
3.357552828348177
1.4358230001595262
1.6828610528539394
1.2084101538154965
1.456530746756013
1.674900750854237
1.2051386258715737
1.194126770774179
1.3053274616788688
1.276674650508308
1.4068003294611233
1.2835165335215328
1.2809571715715822
1.2252156125380074
1.280086474873578
1.2017315326270532
1.442567736126597
1.8276000555370813
1.8752828326870818
1.323648412212817
10.552351318554686
1.1853922072214647
1.3508538287177667
4.364052263280565
1.7153913270505283
1.3139474356684095
1.5607830316585403
1.6299317820896846
1.2394711197285486
1.3343974217032812
1.5442245433390225
1.3569664111175208
1.5342775115726768
1.1961403313073742
1.2119322159106167
1.182456327414101
1.255514699183905
1.3631078008338975
1.4568302358212615
2.347014452291501
1.2113829963754945
1.8522460665187457
1.2334297487487667
1.346869306159638
1.3049694375487702
1.4113974383860108
6.417820295045277
1.1994267272847992
2.5060406125877273
1.1715387725963953
1.239330451715463
1.4179808955237299
1.2818284441987913
1.2583074031244443
2.0416619333487542
1.2998235700225256
1.8148761367040678
1.6216164997015512
1.3004044009857483
1.176023405571882
1.2368218558829274
1.3857386240666592
1.7346604409207915
2.2394986642692745
1.1963467428727683
1.2710135777555664
1.3787571895019224
1.3611095392514767
1.276233227771335
4.87472462743358
1.2742958096145216
1.481776686479137
3.578490524554899
1.2789832665931267
1.3230993946423804
1.8191276494003952
1.3208437099642518
2.6263994527847725
1.3597514703338547
1.4267674102529744
3.0146944231579083
1.2905829711058083
1.2619040925396892
1.2925956217249912
2.061420553542894
1.2526589522430436
7.840405756485082
1.8391949670109875
1.2868849654434935
3.0307431042949116
1.2598337268266477
1.403723693102586
1.3209459549652507
1.438181186709236
1.217459949756095
1.3137009538871294
1.302628383471276
1.386409301570159
1.5110778514041614
1.2269792882098518
1.3159689200890616
1.3334833694094446
7.99159210906818
1.457590585850805
1.3505545929852047
1.2387328141027802
1.211383303037427
1.197269026759661
1.3109762645009895
4.490804155713509
1.2513190109183847
1.2924690713542235
1.217789818326156
1.21365922760875
1.2179477419237366
1.3550037261935899
2.3786822938385717
1.5263816935783519
1.5714927460150214
4.061538037599507
1.7431368267555412
1.1580162725918264
1.2826601684890484
1.2324291552791247
1.4776514278608777
1.2652571796191094
1.214686360230291
2.9538442954286483
1.2641497010478082
2.7562745343228086
1.2305214690830373
1.998226395228989
1.224486335489581
1.2925192039900293
1.4955094115320167
1.2608579426940747
1.4868996663715448
1.511121411832002
3.6378195783308107
1.2668018623224535
1.3650667033198918
1.2966816520529267
1.262030314390675
1.2064441272839599
1.946905751626252
1.2830326809717563
1.638128691386662
1.264162224161341
10.282209962276633
1.7185009780374383
1.2003088269594406
1.2498750221315102
1.2789203677694427
1.4926287990065261
11.909866943515937
1.4155376332204672
1.3415135037937613
1.3304445785492556
1.9924605780579363
1.3174503024873616
1.4896973144810208
1.4654082474857337
1.3949978470870175
1.4618291655350966
1.5213265880155014
1.7425850409297237
2.8682897608215674
1.5203864273644145
2.585102037344849
1.2914920731938437
1.2759549053006678
1.2008029277126344
1.2810720554166999
1.3649470112898916
1.1833521176336994
1.5553006738508657
2.1050960462766857
1.24400175009785
1.1685690208546755
1.2671751989490567
2.76884582826548
1.2658158830606663
1.268709921125666
1.202372143746305
1.368511081818952
1.2690563235027694
1.2471275323087911
1.3026034386074277
1.888063915770717
1.2195928730253414
1.5373605919284743
1.302180303730422
1.2723620726278513
1.2266975326581178
1.2724993567168432
1.1502356740067672
2.303538971109525
1.2540845291140235
1.4656264923138345
1.2825895945156138
1.2649727890453184
1.5052490567967998
1.3381491361293976
2.157890531912697
1.254880987833988
1.303187218360227
1.2310227432033014
1.270159789865064
1.212663455136668
1.2357849578529851
1.5516383736193342
1.4248695462258634
2.5963057546042414
4.939151375142646
1.2452161861715156
1.2154714306510561
1.6085248129950651
1.327888482043138
2.6850157997666417
2.125850908506131
1.3953628765573227
1.6020290937176103
2.2232402034759637
1.1940801880404748
1.3696073357348164
1.2233964488512403
1.3156632209611607
1.620470152532383
1.3973918341675664
1.77768706326553
1.1945394752228498
1.1727702472467025
2.21579539018652
1.4616877098315166
1.2789561140359056
1.2240162973795383
1.8421664239846016
2.7703385433479144
1.2296240403759706
1.2641963498453461
1.584583503566816
1.1400553146889352
1.4188289579163478
1.3868660885542354
1.3948152555367193
1.1683026772780951
1.4627783449961633
1.237569273102205
2.234792886981917
4.47587452823299
3.9191763134017754
1.4284022858899983
1.2529409670931144
1.873708715376278
1.4197941480891567
1.142808046079931
1.355648129900803
2.8972757443913935
1.3146406360189382
7.121427060593459
10.58417223671717
1.2806628266413946
1.4861830298320973
1.3351261937585193
1.3284949064883476
1.5078389385780653
1.249147601248485
1.325049823038646
1.428302852171961
1.1499489513502714
1.2389497536239389
2.4390731229085976
1.3238736954587782
1.1681686107809575
1.1550124467018217
1.2477568878792364
1.3705146436900355
4.778518167237148
1.4683750637384052
1.433536300059699
1.2971277773902954
1.2193547307992152
1.180625997026305
1.293635167170337
1.206145988991735
1.1919383693676822
1.3075073427736268
1.348873014768412
1.7090391718195441
1.3686276497868097
1.4288982538083004
1.40426996553568
1.3075197607607858
1.226088969681491
2.571046899128749
1.1881742302286942
1.278152289629737
1.2875195839987863
1.2214076214334302
1.45663548001672
1.2684247020631771
1.666883585624729
1.3034577689605613
1.2035536354651182
1.259727974885961
1.6927504445277188
1.270812201236779
1.291964008447215
1.3003205237955564
1.189311275158737
1.1713349950666945
1.8936077800579372
1.3417575167576572
2.665136227211179
1.5264165060313912
2.812996780187723
1.325790638574118
1.350080659688445
1.2495087574333237
1.2030378263644252
1.5486951879189084
1.346141972162526
1.9827449465605622
5.60995725414776
1.2254394691182988
1.2354498071566373
1.2920888481435786
1.2955752840262522
1.3027504844004465
1.425040118965621
1.2469334512109556
1.202264627107408
1.2429896096886166
1.2511821318299514
1.1771437490010583
1.2018028695865375
1.4551276981527075
1.1914932454399696
1.3746246537284494
1.6166676170836318
12.842392383213104
1.1744100375946318
1.166699046141869
1.6101625289828532
1.4016015926540333
1.2492897843712876
1.2864310321181387
1.245135729326471
1.2696729827861697
1.3419670112136783
1.245421731799699
1.3052451502544697
11.619301001984688
1.2985695007331142
1.141621015447519
1.387439695777215
3.1804990491729934
1.4002929756892248
1.2089269449834996
1.1474025831247414
8.799406297599646
1.6966763556743578
1.2659774066401974
1.2636382342055907
1.4379039955545867
1.2485284605930052
1.2090514255008422
1.282015480133266
1.3375403943565034
1.3078380020062312
1.9383988601162518
1.361602570940969
1.3325378037401054
2.8235801712374915
1.425946718503932
1.553259193339588
1.4506305684703307
1.2143294294138518
2.1327433684648156
1.2233173598759055
1.2852834054308435
1.6453400324772345
1.9948379714611306
1.978448825353989
1.2549429315248308
1.231681034058563
1.1654639745948476
1.3710674802200031
11.491231339444427
1.3212651011941587
1.4268582281609097
1.3614647220453069
3.993077420596705
1.309519220476618
1.1852968773742396
1.2441772426917876
1.4195660743952532
1.3049440366735923
1.1549456728713976
4.950347312260703
1.3118092661390324
2.5608679436404977
1.1993532097269242
1.2649393224932763
1.5482869622813342
1.75158895040544
1.3197126303263853
1.2299378474851925
1.5149332139384892
1.263050947214003
1.4983524170723568
1.4109706190907005
1.3769977765451067
10.281266618235781
1.4646815512617748
1.3424447529705912
1.442324359469037
1.277406267504496
1.2793025697849416
1.2695703235233764
1.4342396222258045
1.2290174870076231
2.566570128127941
1.520108159651263
1.1160952399871404
1.2943733943383757
1.3251788970964036
1.2208856636145922
2.3969871778772647
1.6502603217383527
1.3761792565132265
1.26470843432528
1.70405972494555
1.231952839712966
1.1764084608632812
1.1770236423356764
1.2207801100305549
1.214690824936373
1.2849231762322093
2.030689121811418
11.28999316810478
10.713023460338466
1.175986812964095
1.4518643733564756
1.2349409367945854
1.370131244645285
1.9283241974684282
1.2226224149843974
1.7407352735602615
1.1793345131220223
1.7151167889557584
1.1758929008979866
2.456899092933264
1.4338535905035292
1.3987690270332984
12.207730917640067
2.1512713713661293
1.3341569075850395
1.2072964968633555
1.3782281114943888
1.2200900097723095
1.3022485498837186
1.368347692146862
1.2305833253605885
1.4980030811016647
1.123532274344801
1.469724330095496
1.3312227616875147
1.3462388022947613
1.1533390367765861
3.1424922159032938
3.84769201340906
1.432790142570368
1.2838701792622877
1.3620893348665633
1.1852526226939837
1.1947188101861652
1.386213659903806
1.241178471214869
1.2999693800905197
1.5262919948544722
1.2735112996779687
1.3470662823102475
3.4538198199538988
1.2421111268062632
1.4767599940037197
1.6609056329722836
1.2144205751444388
1.337327083103649
1.5550773439414272
2.0441572385574305
1.2568215432991274
1.3400976763741541
1.4250308607623867
1.283354259279991
1.2533816203322856
1.2607369430964719
2.556785007167928
1.3274808212547762
1.1673796587167953
1.2833805867302461
1.1976859620614033
3.5345330208206436
1.2265526151839763
1.3233290945699512
9.112135036922744
1.5339158087977602
4.425658652223639
1.7879258920481964
1.228648110576403
1.4737967097004352
1.2105353104184444
1.7805973131463517
1.3544577679820593
2.6572819399054963
1.241150609383602
1.7800220438210048
1.2570818055925548
1.2216987471408267
1.2368395951912905
1.3005248247820598
1.2398462518827804
1.3889879760431323
1.188244478281466
1.7854859495858717
2.5758496921136986
4.010108723898437
1.2990271392617796
1.2412823824028987
1.3831308839600842
1.2586862551899771
2.1938321186550316
1.380912132257021
1.1719453538118678
1.232283886534764
1.1861190379541435
1.2401131250423942
1.1915974538271659
1.3435319240095447
1.232601114767767
1.2549027918673747
2.5918158309506256
1.3339331519113413
1.2328380585326695
1.1718854958037563
1.3342574207483873
1.2328902035035025
1.2820512416740937
1.3168419446875468
1.2938018932206425
1.6448829083378524
1.2631618177159316
1.156445552784175
11.050218621154672
11.623476096748897
1.221462172670578
1.2241729614677705
10.839575324332866
1.2399881418941274
1.238175486948827
1.2123562520158586
1.2635871004097958
1.3586887332595718
1.1233569313146696
1.165216237090034
1.414725084237536
1.452400617284007
1.2343350167946563
1.2034250548781933
1.3456812804125082
3.1223674246249598
1.3803937330005065
2.4415768606205863
1.2958258500371693
1.254159098632527
1.2303674868258163
1.5699320861902764
1.2940658501620386
1.4957891577314486
1.1639380984082788
1.3490047653073214
1.2388846255942894
1.1475364001120898
1.4617998046251537
1.2405399988203223
1.4347919260930415
1.153911950000351
1.2186131408867245
1.2322287482209744
2.46247877211057
1.4603475601860583
1.3370883751449063
1.261949572328104
1.389538694053105
1.1373258461843072
1.4052657180489643
1.3524474398139614
1.2657051027242794
1.644678706309004
1.3582073669589312
4.336199035730565
1.322020701374678
1.2099356582704577
1.286809636270324
10.284249579804605
2.1124488647225452
2.0819373327145536
1.5985257717362045
1.2910144577530116
1.2106203166362561
1.2102571516853549
1.1301742486367266
1.141460143698493
1.203058191857238
1.3796213593821847
1.3062962724862257
1.1708335333259257
1.1878712109645668
1.1950859195906844
1.4175834374743115
6.886654830904722
1.2904259257327868
1.679561488218964
1.3916234257398363
1.887882050506837
1.2453222248383988
1.3969655670918275
1.2946703287480215
3.9351615816434418
1.2128599684232766
5.736741225590198
1.3171443456346006
1.3104474655538647
1.3539564940052857
1.231205056663398
1.3633438097638935
1.3779642009383148
1.1923486288317235
1.207276962747191
1.269698548289648
1.2385766175379047
2.7031870561601545
1.4069196823475658
1.4754984699099845
1.4281780560954287
1.295098411218857
1.2084417614901992
2.1572284524203953
1.693083526664636
1.5358236077137377
1.317778622334892
1.3090455545650574
1.6148451465716833
1.2727949848456666
2.1669225582404037
1.2295326898767753
1.159766263013528
1.8680514311371064
2.1981862890905433
10.559258340679733
1.2403724909166953
1.1914481364626746
1.136750534561915
1.293487492622717
1.4680350901885937
1.2512052199365162
1.1615107301585164
1.3733870503588765
1.8584946577428698
1.3170031943787632
1.4381894295063296
1.6115293897211056
1.5152724078365973
1.55682885812096
1.1665477935480302
1.26785742617099
1.3520807103242864
1.2836497322533316
1.3033610582588755
1.2902272519819986
1.584317163711813
1.3029367558930869
1.2742528303934408
1.2364436127481553
1.614873500670338
7.140011869384533
1.2203605394284394
3.57508887485097
1.8379673299335222
1.4068944652455868
1.2476674371835168
1.2531266313210985
2.8236934776333467
1.2209337483440712
3.363179863716015
1.2715700119951843
1.2327717339239108
1.3713655376626845
1.3928283289061296
1.4916868241196406
2.336340262054217
3.7909386004663235
1.3182307594577418
1.2382030335995635
1.1526014095947597
1.438715087271655
1.3299992070039393
1.2277739197864905
1.369565489242398
1.4285567125350704
1.2659885615060231
1.1820278395586779
1.302442743202042
1.205127128425865
1.5868887759955306
1.598912994216742
1.1935423559223277
1.1953480557032603
1.286841279466123
1.3079569119650523
1.3584276128688793
1.2531677206816112
1.8781720651035911
1.260823890114779
1.2095220427909807
3.6140538507271165
1.3309087164531364
2.0313101306919807
1.9084720829440736
3.515620911275007
1.7516559994145202
1.609947526862384
1.6699020149226729
1.2912356753123895
1.3015311961424305
1.5001555687806198
1.2169318769583046
3.1600822696076567
1.2400208416448668
1.1821482282973312
1.7142561329539796
1.26992079629819
1.241525095873357
1.2993869420142121
1.1941721990767227
1.2783713226617994
1.5233115784479776
1.6272167808369837
1.236655234136235
1.4029431676278756
1.8572809592266004
1.2567884669837985
1.3035351452020896
1.3038326612641795
1.2506629364319255
1.2784038118411525
7.593884451266915
1.311535282358305
1.2832051024003535
1.2966448129860666
1.353158664443862
1.3166629044598923
1.6626496311763228
1.2469298651198717
1.2694146099524013
1.3137273764694493
1.357917682022108
1.2299892829765406
1.220161988884838
1.3668499195193833
1.2996012225129818
1.2463217268176603
1.1574118081270235
1.6645708115854965
1.1863897263777083
1.2001225704232585
1.5110453390254146
1.2337216163889386
1.3954566312902246
1.638146876657101
4.176821466547673
1.2446493445304325
1.5054569153944448
1.191708614352974
1.3706865004588806
1.4669124633650579
1.1949130116756126
1.2491220807100845
1.2214208366402617
1.1538544532594237
1.3365951333174277
2.0664684526030315
1.6782253580163191
1.2163539507423553
1.3162232840351658
1.21773933362309
1.2553779052632963
1.4016536735415484
1.2661504222649076
1.2372127557162582
1.565066102940236
1.3470751529410616
1.3118144921158241
1.2950825549724025
1.8500660835245428
1.3111624103896111
2.1159357630204263
1.202613311355536
1.3158412107862754
1.2879597692840208
1.3274910489386227
1.17875801374974
1.4082817789031403
1.6683402460596928
1.2832801896836201
1.1838211165804247
1.405150259044261
1.3202702863472218
2.070544120014682
1.9980529966065823
1.2289672650298304
1.3786543776782392
1.2797594563073584
2.4035279412543282
2.327971633256425
1.1369913168230146
4.626607968835652
7.711276358172277
1.1409273292881275
1.9090197206531303
2.6440082859987974
11.966257456833626
1.2266416461792955
1.2788780919284908
1.279776665881762
2.3904695583193263
1.5026462011930368
1.4980409558005405
1.6222125515452248
1.3129255089561325
1.2316586048422202
1.3154868645237285
1.252646392004787
1.1980586689405561
1.2107323625746231
1.2408102844724314
1.2545929071965598
1.2239275959386267
1.7146241554972577
1.4013574301126313
1.1767318142590593
11.862386552254765
1.263746095057108
1.4872840423757636
1.2785865987631178
1.2108428101355735
1.264810174327678
1.2566562283727865
2.235720926417636
1.3185307160126496
1.71569571959438
1.515986988564734
1.17338965014866
1.2766954335780845
1.6428356439291836
1.2899077200040825
1.3089258820360188
5.583544876775061
2.169002974413163
1.2263315337154534
3.3160165580917376
1.2327705312295478
1.2360793244844017
1.2965937332860544
1.2395353700239429
1.5868767932921761
2.2263378240325395
1.2189121971019086
1.2264376381545667
2.139749284751269
1.3646970600529655
1.175664919428888
3.9299680759421474
1.26798848827005
1.2436610429780572
1.2530288541149304
1.373320007340911
10.56092805980357
1.3430086389387954
1.3143008648886167
1.1845876918324212
1.2943225924674238
1.838276654036095
1.30954665226896
1.3867323724352971
1.199273387479189
1.2079133418917294
1.2674778827796693
1.2408830178064836
1.2523382520677278
1.1792058535939383
1.5165443918765535
1.4382489313133666
1.4698466747014005
12.600516664575903
1.345713188251777
10.108381093345601
1.2898779814151224
1.2647947532115955
10.331084486453387
1.2086313005004279
1.2058829856191484
1.2813160256214802
1.2895520702499947
1.3606310363094263
1.2476829348985168
1.371289500677606
1.2527418965741788
1.6090813135924384
1.1974154768491505
1.7020143701591275
1.2688917929393957
1.6393459083683128
1.695684285971211
2.1368090083514364
1.2528738401428388
1.3822091388715037
1.2283194652501546
1.2471941845680699
1.2737586594212065
1.2316685425457305
3.2254792644124795
2.7532184194852234
10.582585224298839
1.4309868539624082
1.2350702171002537
1.2628173574177486
1.1845105347417384
1.3753798566747237
2.791763767492452
4.016181674878768
1.445626515997497
1.4083351288230257
1.4766799245669104
1.2172004842826512
2.3967852650333215
1.343858972053384
1.1769518598783575
1.2404567819595644
1.4361091173605702
2.6443168204955922
2.025713215934474
1.4047832741314998
1.993008407546566
2.284650735142713
1.5547307537090245
1.1976200449688619
1.3286705001263004
1.3184026963087565
1.4825651206783281
3.275538252657839
1.2028584643503852
1.3059027740864182
1.187297911012708
1.2346492940455032
1.3109091426799664
1.340106599485711
1.2103071157123515
1.33869985257412
1.2474406356452925
1.2233466233209351
1.1836027274347203
1.9166350183586534
2.798501792534128
1.7974848726486323
1.303888097025021
1.801269104493934
1.2147973389559135
1.605388198654827
2.3376027023404196
1.7775231513241154
1.4057672400951433
1.7365799638725523
1.2033818420066327
1.2524897248974278
1.8718478648306394
3.874819959372512
1.296664069416821
3.332400065460619
1.2953373509174817
1.472421759377753
1.8056312484839383
1.3283073000626622
1.2808964340627078
1.2680495383911616
1.1895787902171615
2.834528982524157
2.051445358825593
1.2291347097414733
1.2520115458628793
1.3189387108468282
1.2122641565828915
1.1857615045658731
5.719000467251157
1.2484534298754775
1.3513072603852225
11.621899536685351
1.4305727074694166
1.3722269984140403
2.9820967874085422
1.6178250638702638
1.2215718503082966
1.2254915479185864
1.2378590863553904
6.517704591129347
1.4089304049336544
1.774722098809357
1.2495861893454796
1.324974361837921
1.3052539327456818
1.2741177130748695
1.3138831233650423
1.2143386934298415
1.9950196022264088
1.3843786042387214
2.8879342338061056
1.3571487201787813
2.1815368795492125
1.4115675239202727
6.188712256358734
1.1751212619820801
4.789528883565726
1.2113323540433303
1.203889804533462
1.190994953996868
1.2108598162554594
1.2883134283830961
1.551807797137616
1.388611087728868
10.406083721932752
1.332003456318219
1.225576499684918
1.3011956714032409
1.3363578329553016
5.504414450348397
1.2945647142662295
1.5346921228466117
1.2308596159799747
1.2543369835329015
13.737986305971488
1.174247371892155
2.791461822183304
1.4973742303501165
1.5941643712094258
2.070569801376564
1.2050997850044296
1.371497853264102
1.3615593361035283
1.486738267829087
1.2038073707646024
1.613614099993361
1.2622840880873591
1.248867742523755
1.3134275526052093
1.428926195184464
1.4123169729591156
1.2724715683144125
1.2337634240122233
2.0252190428258148
1.8412310458785146
1.4870162896476236
1.5655728160791507
1.3875662416277894
1.1855686222232096
1.354029317477393
1.3950339564848528
2.611391766476297
1.4519026762677165
1.4444698122064743
1.2198783691417772
10.340605834645327
1.259083613900158
1.2528251717299215
1.3018600281377823
1.2658307425880442
1.3725693791941842
1.4042786202654476
1.6206847295047213
1.7508509730672932
1.5058834791395868
1.716553919181314
1.2769227010007582
1.2838544807342596
1.3301906756776534
1.3724111473416842
1.2915146059823457
3.5736926476480457
1.4619138068986524
1.3172319577343075
1.4939286402057723
1.2145098232954146
1.717317256736968
1.3418340964402766
3.546401522589882
1.2011929982541663
1.7719544428447835
1.3520837587132775
1.2100523841317494
1.2500254641058124
1.2076298216944708
1.333966166663498
1.1961287970899301
1.2812150946499632
1.3992244056554717
1.3631430177878425
1.28590849135438
1.240184202204684
1.2806128516536912
1.5473732294750668
6.17984716893336
1.3187832198022713
1.2561681221977277
2.541605029136784
1.2021796163416698
2.8283316198126904
1.4302943599647304
1.2024514496216403
1.2477179232683766
1.6054603767132767
1.2814387434144499
1.4491032656101317
2.905710323763423
3.9147592789685612
2.5326159596848314
1.3210825003415267
2.1727786018126576
1.177653652661709
1.274844105696317
1.4279845259473927
1.28856850829048
1.3404246578911088
10.005951346651019
1.1880061788882872
1.2773280803493376
1.2327569391356745
2.432106536319024
1.361807900081046
1.1909582936583303
1.7923944009946269
1.191296802411486
1.2893936916945992
11.133386662614635
2.6587412245708535
1.6030734539087346
1.263517606355935
1.4012417885784998
1.2687374811752306
3.210777431093482
1.334994212336123
1.3812117401252992
1.2671841212975063
1.1913940710590434
1.5153506427237053
1.2667449286307841
1.4032606418028166
1.2489466300833327
1.330212646319924
1.3556933911663833
1.2554756389425914
1.2016301960803524
1.492395600335629
1.196803270067193
1.4614077251844924
1.2714116131601916
1.3834260495794506
1.1575378235243585
7.344524264756094
1.1700963237069928
1.2033924731217622
1.687362521451984
1.2833587712993841
1.2751271304678393
1.280552389279205
1.397554776814837
1.7166040574758759
1.1962782731877208
1.3258090130654858
1.1299767025211769
1.290827196680135
2.3710873661989282
1.4452825015504165
1.255805218714566
1.2240981540662985
1.2802174209861834
1.3016854805200946
10.885308040295094
1.9470260712034357
1.4545840975012931
1.3380319277102561
11.412910680918444
1.3031194023307013
1.2464292397442134
1.426952580582313
1.835888613818995
1.491976439865689
1.2056459396604415
1.2193770502040533
1.1558169717679436
1.246555242024383
1.2023828324875212
1.5424587632887516
3.3606496991739707
1.8891556433882406
1.2972429476912393
1.3508809418114174
1.2224851482722696
1.5086606674862417
1.2997580425449813
1.2357969734811372
1.2171385376138582
1.2169895816143277
1.3051658776447594
2.315714553341289
