0.9019 10.01
0.8038000000000001 10.019019
0.7057000000000001 10.027057000000001
0.6076000000000001 10.034114
0.5095000000000002 10.04019
0.41140000000000015 10.045285000000002
0.31330000000000013 10.049399000000001
0.2152000000000001 10.052532000000001
0.1171000000000001 10.054684000000002
1.90000000000001e-2 10.055855000000001
-7.90999999999999e-2 10.056045000000001
-0.1771999999999999 10.055254000000001
-0.27529999999999993 10.053482
-0.37339999999999995 10.050729
-0.4715 10.046995
-0.5696 10.042280000000002
-0.6677 10.036584000000001
-0.7657999999999999 10.029907000000001
-0.8638999999999999 10.022249000000002
-0.9619999999999999 10.013610000000002
-1.0600999999999998 10.003990000000002
-1.1582 9.993389000000002
-1.2563 9.981807000000002
-1.3544 9.969244000000002
-1.4525000000000001 9.955700000000002
-1.5506000000000002 9.941175000000001
-1.6487000000000003 9.925669000000001
-1.7468000000000004 9.909182000000001
-1.8449000000000004 9.891714000000002
-1.9430000000000005 9.873265000000002
-2.0411000000000006 9.853835000000002
-2.1392000000000007 9.833424000000003
-2.2373000000000007 9.812032000000002
-2.335400000000001 9.789659000000002
-2.433500000000001 9.766305000000003
-2.531600000000001 9.741970000000002
-2.629700000000001 9.716654000000002
-2.727800000000001 9.690357000000002
-2.825900000000001 9.663079000000002
-2.9240000000000013 9.634820000000001
-3.0221000000000013 9.605580000000002
-3.1202000000000014 9.575359000000002
-3.2183000000000015 9.544157000000002
-3.3164000000000016 9.511974000000002
-3.4145000000000016 9.478810000000003
-3.5126000000000017 9.444665000000002
-3.610700000000002 9.409539000000002
-3.708800000000002 9.373432000000003
-3.806900000000002 9.336344000000002
-3.905000000000002 9.298275000000002
-4.003100000000002 9.259225000000002
-4.101200000000001 9.219194000000002
-4.199300000000001 9.178182000000001
-4.2974000000000006 9.136189000000002
-4.3955 9.093215000000002
-4.4936 9.049260000000002
-4.5916999999999994 9.004324000000002
-4.689799999999999 8.958407000000003
-4.787899999999999 8.911509000000002
-4.885999999999998 8.863630000000002
-4.984099999999998 8.814770000000003
-5.082199999999998 8.764929000000002
-5.180299999999997 8.714107000000002
-5.278399999999997 8.662304000000002
-5.3764999999999965 8.609520000000002
-5.474599999999996 8.555755000000001
-5.572699999999996 8.501009000000002
-5.670799999999995 8.445282000000002
-5.768899999999995 8.388574000000002
-5.866999999999995 8.330885000000002
-5.965099999999994 8.272215000000003
-6.063199999999994 8.212564000000002
-6.161299999999994 8.151932000000002
-6.259399999999993 8.090319000000003
-6.357499999999993 8.027725000000002
-6.4555999999999925 7.964150000000002
-6.553699999999992 7.899594000000002
-6.651799999999992 7.834057000000002
-6.749899999999991 7.767539000000002
-6.847999999999991 7.700040000000002
-6.946099999999991 7.631560000000002
-7.04419999999999 7.562099000000003
-7.14229999999999 7.491657000000003
-7.2403999999999895 7.420234000000002
-7.338499999999989 7.347830000000003
-7.436599999999989 7.274445000000003
-7.534699999999988 7.200079000000003
-7.632799999999988 7.124732000000003
-7.730899999999988 7.048404000000003
-7.828999999999987 6.971095000000004
-7.927099999999987 6.892805000000004
-8.025199999999987 6.813534000000004
-8.123299999999988 6.733282000000004
-8.221399999999988 6.652049000000004
-8.319499999999989 6.569835000000005
-8.41759999999999 6.486640000000005
-8.51569999999999 6.402464000000005
-8.61379999999999 6.317307000000005
-8.711899999999991 6.231169000000005
-8.809999999999992 6.144050000000005
-8.908099999999992 6.0559500000000055
-9.006199999999993 5.966869000000005
-9.104299999999993 5.876807000000006
-9.202399999999994 5.785764000000006
-9.300499999999994 5.693740000000005
-9.398599999999995 5.600735000000006
-9.496699999999995 5.5067490000000054
-9.594799999999996 5.411782000000006
-9.692899999999996 5.315834000000006
-9.790999999999997 5.218905000000006
-9.889099999999997 5.120995000000006
-9.987199999999998 5.022104000000006
-10.085299999999998 4.9222320000000055
-10.183399999999999 4.821379000000006
-10.2815 4.719545000000005
-10.3796 4.616730000000006
-10.4777 4.512934000000006
-10.575800000000001 4.408157000000005
-10.673900000000001 4.302399000000006
-10.772000000000002 4.1956600000000055
-10.870100000000003 4.087940000000006
-10.968200000000003 3.979239000000006
-11.066300000000004 3.869557000000006
-11.164400000000004 3.758894000000006
-11.262500000000005 3.647250000000006
-11.360600000000005 3.534625000000006
-11.458700000000006 3.421019000000006
-11.556800000000006 3.306432000000006
-11.654900000000007 3.1908640000000057
-11.753000000000007 3.0743150000000057
-11.851100000000008 2.9567850000000058
-11.949200000000008 2.8382740000000055
-12.047300000000009 2.7187820000000054
-12.14540000000001 2.5983090000000053
-12.24350000000001 2.4768550000000054
-12.34160000000001 2.354420000000005
-12.43970000000001 2.231004000000005
-12.537800000000011 2.106607000000005
-12.635900000000012 1.9812290000000046
-12.734000000000012 1.8548700000000045
-12.832100000000013 1.7275300000000042
-12.930200000000013 1.599209000000004
-13.028300000000014 1.469907000000004
-13.126400000000015 1.339624000000004
-13.224500000000015 1.2083600000000039
-13.322600000000016 1.0761150000000037
-13.420700000000016 0.9428890000000035
-13.518800000000017 0.8086820000000033
-13.616900000000017 0.6734940000000031
-13.715000000000018 0.5373250000000029
-13.813100000000018 0.4001750000000027
-13.911200000000019 0.2620440000000025
-14.00930000000002 0.12293200000000232
-14.10740000000002 -1.7160999999997872e-2
11.187820000000016 0.11285920000000017
11.089720000000016 0.22473740000000034
10.991620000000015 0.3356346000000005
10.893520000000015 0.4455508000000007
10.795420000000014 0.5544860000000008
10.697320000000014 0.6624402000000009
10.599220000000013 0.769413400000001
10.501120000000013 0.8754056000000011
10.403020000000012 0.9804168000000012
10.304920000000012 1.0844470000000013
10.206820000000011 1.1874962000000013
10.10872000000001 1.2895644000000015
10.01062000000001 1.3906516000000015
9.91252000000001 1.4907578000000017
9.814420000000009 1.5898830000000017
9.716320000000009 1.6880272000000018
9.618220000000008 1.7851904000000018
9.520120000000007 1.881372600000002
9.422020000000007 1.976573800000002
9.323920000000006 2.070794000000002
9.225820000000006 2.164033200000002
9.127720000000005 2.256291400000002
9.029620000000005 2.347568600000002
8.931520000000004 2.437864800000002
8.833420000000004 2.527180000000002
8.735320000000003 2.6155142000000025
8.637220000000003 2.7028674000000024
8.539120000000002 2.7892396000000024
8.441020000000002 2.8746308000000025
8.342920000000001 2.9590410000000027
8.24482 3.0424702000000026
8.14672 3.1249184000000025
8.04862 3.2063856000000026
7.95052 3.286871800000003
7.85242 3.3663770000000026
7.754320000000001 3.4449012000000026
7.656220000000001 3.5224444000000026
7.5581200000000015 3.5990066000000027
7.460020000000002 3.674587800000003
7.361920000000002 3.749188000000003
7.263820000000003 3.822807200000003
7.165720000000003 3.895445400000003
7.067620000000003 3.967102600000003
6.969520000000004 4.037778800000003
6.871420000000004 4.107474000000003
6.7733200000000044 4.176188200000003
6.675220000000005 4.243921400000003
6.577120000000005 4.310673600000003
6.4790200000000056 4.376444800000003
6.380920000000006 4.441235000000003
6.282820000000006 4.505044200000003
6.184720000000007 4.567872400000003
6.086620000000007 4.629719600000003
5.988520000000007 4.690585800000004
5.890420000000008 4.750471000000004
5.792320000000008 4.809375200000003
5.6942200000000085 4.867298400000004
5.596120000000009 4.924240600000004
5.498020000000009 4.980201800000004
5.39992000000001 5.035182000000004
5.30182000000001 5.089181200000004
5.20372000000001 5.142199400000004
5.105620000000011 5.194236600000004
5.007520000000011 5.245292800000005
4.909420000000011 5.295368000000005
4.811320000000012 5.344462200000005
4.713220000000012 5.3925754000000055
4.6151200000000125 5.4397076000000055
4.517020000000013 5.485858800000005
4.418920000000013 5.5310290000000055
4.320820000000014 5.5752182000000055
4.222720000000014 5.618426400000006
4.124620000000014 5.660653600000006
4.026520000000015 5.701899800000006
3.9284200000000147 5.742165000000006
3.8303200000000146 5.781449200000006
3.7322200000000145 5.819752400000007
3.6341200000000144 5.857074600000007
3.5360200000000144 5.893415800000007
3.4379200000000143 5.928776000000007
3.339820000000014 5.963155200000007
3.241720000000014 5.996553400000007
3.143620000000014 6.028970600000007
3.045520000000014 6.060406800000007
2.947420000000014 6.0908620000000075
2.849320000000014 6.120336200000008
2.7512200000000138 6.148829400000007
2.6531200000000137 6.176341600000008
2.5550200000000136 6.202872800000008
2.4569200000000135 6.228423000000008
2.3588200000000135 6.252992200000008
2.2607200000000134 6.276580400000008
2.1626200000000133 6.299187600000009
2.0645200000000132 6.320813800000009
1.9664200000000132 6.341459000000008
1.868320000000013 6.361123200000009
1.770220000000013 6.3798064000000085
1.672120000000013 6.397508600000009
1.5740200000000129 6.414229800000009
1.4759200000000128 6.429970000000009
1.3778200000000127 6.444729200000009
1.2797200000000126 6.458507400000009
1.1816200000000125 6.47130460000001
1.0835200000000125 6.48312080000001
0.9854200000000125 6.49395600000001
0.8873200000000125 6.50381020000001
0.7892200000000126 6.51268340000001
0.6911200000000126 6.52057560000001
0.5930200000000126 6.52748680000001
0.4949200000000126 6.53341700000001
0.3968200000000126 6.53836620000001
0.2987200000000126 6.54233440000001
0.20062000000001257 6.54532160000001
0.10252000000001256 6.54732780000001
4.420000000012553e-3 6.54835300000001
-9.367999999998745e-2 6.548397200000011
-0.19177999999998746 6.547460400000011
-0.2898799999999875 6.545542600000011
-0.3879799999999875 6.542643800000011
-0.4860799999999875 6.538764000000011
-0.5841799999999875 6.533903200000012
-0.6822799999999875 6.528061400000012
-0.7803799999999874 6.521238600000012
-0.8784799999999874 6.513434800000012
-0.9765799999999873 6.504650000000012
-1.0746799999999874 6.494884200000012
-1.1727799999999875 6.484137400000012
-1.2708799999999876 6.472409600000012
-1.3689799999999877 6.459700800000013
-1.4670799999999877 6.446011000000013
-1.5651799999999878 6.431340200000013
-1.6632799999999879 6.415688400000013
-1.761379999999988 6.399055600000013
-1.859479999999988 6.3814418000000135
-1.957579999999988 6.362847000000014
-2.055679999999988 6.3432712000000135
-2.1537799999999883 6.322714400000014
-2.2518799999999883 6.301176600000014
-2.3499799999999884 6.278657800000014
-2.4480799999999885 6.255158000000014
-2.5461799999999886 6.230677200000014
-2.6442799999999886 6.205215400000014
-2.7423799999999887 6.1787726000000145
-2.840479999999989 6.151348800000014
-2.938579999999989 6.122944000000015
-3.036679999999989 6.093558200000015
-3.134779999999989 6.063191400000015
-3.232879999999989 6.031843600000015
-3.330979999999989 5.999514800000015
-3.4290799999999892 5.9662050000000155
-3.5271799999999893 5.931914200000016
-3.6252799999999894 5.896642400000015
-3.7233799999999895 5.8603896000000155
-3.8214799999999896 5.823155800000015
-3.9195799999999896 5.784941000000016
-4.01767999999999 5.745745200000016
-4.115779999999989 5.705568400000016
-4.213879999999989 5.664410600000016
-4.311979999999989 5.622271800000016
-4.410079999999988 5.5791520000000165
-4.508179999999988 5.535051200000017
-4.6062799999999875 5.4899694000000165
-4.704379999999987 5.443906600000017
-4.802479999999987 5.396862800000017
-4.900579999999986 5.348838000000017
-4.998679999999986 5.299832200000017
-5.096779999999986 5.249845400000017
-5.194879999999985 5.198877600000017
-5.292979999999985 5.146928800000017
-5.3910799999999846 5.093999000000017
-5.489179999999984 5.040088200000017
-5.587279999999984 4.985196400000017
-5.6853799999999834 4.929323600000018
-5.783479999999983 4.872469800000018
-5.881579999999983 4.814635000000018
-5.979679999999982 4.755819200000018
-6.077779999999982 4.696022400000018
-6.175879999999982 4.635244600000019
-6.273979999999981 4.573485800000019
-6.372079999999981 4.510746000000019
-6.4701799999999805 4.447025200000019
-6.56827999999998 4.382323400000019
-6.66637999999998 4.31664060000002
-6.764479999999979 4.24997680000002
-6.862579999999979 4.18233200000002
-6.960679999999979 4.113706200000021
-7.058779999999978 4.044099400000021
-7.156879999999978 3.973511600000021
-7.254979999999978 3.9019428000000214
-7.353079999999977 3.829393000000022
-7.451179999999977 3.755862200000022
-7.5492799999999765 3.681350400000022
-7.647379999999976 3.6058576000000224
-7.745479999999976 3.529383800000023
-7.843579999999975 3.451929000000023
-7.941679999999975 3.373493200000023
-8.039779999999976 3.2940764000000233
-8.137879999999976 3.2136786000000237
-8.235979999999977 3.1322998000000237
-8.334079999999977 3.049940000000024
-8.432179999999978 2.966599200000024
-8.530279999999978 2.8822774000000244
-8.628379999999979 2.796974600000025
-8.72647999999998 2.710690800000025
-8.82457999999998 2.623426000000025
-8.92267999999998 2.5351802000000254
-9.02077999999998 2.445953400000026
-9.118879999999981 2.355745600000026
-9.216979999999982 2.264556800000026
-9.315079999999982 2.1723870000000263
-9.413179999999983 2.0792362000000266
-9.511279999999983 1.9851044000000269
-9.609379999999984 1.889991600000027
-9.707479999999984 1.7938978000000272
-9.805579999999985 1.6968230000000273
-9.903679999999985 1.5987672000000275
-10.001779999999986 1.4997304000000276
-10.099879999999986 1.3997126000000277
-10.197979999999987 1.2987138000000278
-10.296079999999987 1.196734000000028
-10.394179999999988 1.093773200000028
-10.492279999999989 0.9898314000000281
-10.590379999999989 0.8849086000000282
-10.68847999999999 0.7790048000000284
-10.78657999999999 0.6721200000000285
-10.88467999999999 0.5642542000000286
-10.982779999999991 0.45540740000002866
-11.080879999999992 0.34557960000002874
-11.178979999999992 0.2347708000000288
-11.277079999999993 0.12298100000002889
-11.375179999999993 1.0210200000028952e-2
-11.473279999999994 -0.10354159999997098
9.080523999999995 9.178623999999996e-2
8.982423999999995 0.18259147999999992
8.884323999999994 0.27241571999999986
8.786223999999994 0.3612589599999998
8.688123999999993 0.4491211999999997
8.590023999999993 0.5360024399999996
8.491923999999992 0.6219026799999996
8.393823999999992 0.7068219199999995
8.295723999999991 0.7907601599999995
8.19762399999999 0.8737173999999994
8.09952399999999 0.9556936399999993
8.00142399999999 1.0366888799999991
7.90332399999999 1.116703119999999
7.80522399999999 1.1957363599999988
7.7071239999999905 1.2737885999999987
7.609023999999991 1.3508598399999987
7.510923999999991 1.4269500799999986
7.412823999999992 1.5020593199999985
7.314723999999992 1.5761875599999984
7.216623999999992 1.6493347999999983
7.118523999999993 1.7215010399999982
7.020423999999993 1.792686279999998
6.9223239999999935 1.862890519999998
6.824223999999994 1.932113759999998
6.726123999999994 2.000355999999998
6.628023999999995 2.067617239999998
6.529923999999995 2.1338974799999977
6.431823999999995 2.1991967199999976
6.333723999999996 2.2635149599999975
6.235623999999996 2.3268521999999976
6.137523999999996 2.3892084399999978
6.039423999999997 2.4505836799999976
5.941323999999997 2.5109779199999975
5.8432239999999975 2.5703911599999976
5.745123999999998 2.6288233999999977
5.647023999999998 2.6862746399999975
5.548923999999999 2.7427448799999974
5.450823999999999 2.7982341199999974
5.352723999999999 2.8527423599999975
5.254624 2.9062695999999977
5.156524 2.9588158399999975
5.0584240000000005 3.0103810799999975
4.960324000000001 3.0609653199999975
4.862224000000001 3.1105685599999977
4.764124000000002 3.1591907999999975
4.666024000000002 3.2068320399999974
4.567924000000002 3.2534922799999975
4.469824000000003 3.2991715199999976
4.371724000000003 3.343869759999998
4.273624000000003 3.3875869999999977
4.175524000000004 3.4303232399999977
4.077424000000004 3.4720784799999977
3.979324000000004 3.512852719999998
3.881224000000004 3.5526459599999978
3.783124000000004 3.5914581999999977
3.685024000000004 3.6292894399999978
3.5869240000000038 3.666139679999998
3.4888240000000037 3.702008919999998
3.3907240000000036 3.736897159999998
3.2926240000000035 3.770804399999998
3.1945240000000035 3.803730639999998
3.0964240000000034 3.8356758799999984
2.9983240000000033 3.8666401199999982
2.9002240000000032 3.896623359999998
2.802124000000003 3.9256255999999983
2.704024000000003 3.9536468399999984
2.605924000000003 3.9806870799999983
2.507824000000003 4.006746319999999
2.409724000000003 4.031824559999999
2.311624000000003 4.055921799999998
2.2135240000000027 4.079038039999999
2.1154240000000026 4.1011732799999985
2.0173240000000026 4.122327519999999
1.9192240000000025 4.142500759999999
1.8211240000000024 4.161692999999999
1.7230240000000023 4.179904239999999
1.6249240000000023 4.197134479999999
1.5268240000000022 4.213383719999999
1.428724000000002 4.228651959999999
1.330624000000002 4.242939199999999
1.232524000000002 4.256245439999999
1.1344240000000019 4.268570679999999
1.0363240000000018 4.279914919999999
0.9382240000000018 4.290278159999999
0.8401240000000019 4.299660399999999
0.7420240000000019 4.308061639999999
0.6439240000000019 4.315481879999999
0.545824000000002 4.321921119999999
0.44772400000000195 4.327379359999999
0.34962400000000193 4.331856599999999
0.2515240000000019 4.335352839999999
0.1534240000000019 4.337868079999999
5.5324000000001886e-2 4.339402319999999
-4.277599999999812e-2 4.339955559999999
-0.1408759999999981 4.339527799999999
-0.23897599999999813 4.338119039999999
-0.33707599999999815 4.335729279999999
-0.4351759999999982 4.332358519999999
-0.5332759999999982 4.328006759999999
-0.6313759999999982 4.322673999999999
-0.7294759999999981 4.316360239999999
-0.8275759999999981 4.309065479999999
-0.9256759999999981 4.300789719999999
-1.023775999999998 4.291532959999999
-1.121875999999998 4.281295199999999
-1.2199759999999982 4.270076439999999
-1.3180759999999982 4.257876679999999
-1.4161759999999983 4.244695919999999
-1.5142759999999984 4.230534159999999
-1.6123759999999985 4.215391399999999
-1.7104759999999986 4.199267639999999
-1.8085759999999986 4.182162879999999
-1.9066759999999987 4.164077119999999
-2.004775999999999 4.145010359999999
-2.102875999999999 4.124962599999999
-2.200975999999999 4.103933839999999
-2.299075999999999 4.0819240799999985
-2.397175999999999 4.058933319999999
-2.495275999999999 4.034961559999998
-2.5933759999999992 4.010008799999999
-2.6914759999999993 3.9840750399999987
-2.7895759999999994 3.9571602799999988
-2.8876759999999995 3.929264519999999
-2.9857759999999995 3.9003877599999988
-3.0838759999999996 3.8705299999999987
-3.1819759999999997 3.8396912399999987
-3.2800759999999998 3.807871479999999
-3.378176 3.7750707199999987
-3.476276 3.7412889599999986
-3.574376 3.7065261999999985
-3.672476 3.6707824399999986
-3.770576 3.634057679999999
-3.8686760000000002 3.5963519199999987
-3.9667760000000003 3.5576651599999987
-4.064876 3.5179973999999987
-4.162976 3.477348639999999
-4.261075999999999 3.4357188799999987
-4.359175999999999 3.3931081199999986
-4.4572759999999985 3.3495163599999986
-4.555375999999998 3.3049435999999988
-4.653475999999998 3.259389839999999
-4.751575999999997 3.212855079999999
-4.849675999999997 3.165339319999999
-4.947775999999997 3.116842559999999
-5.045875999999996 3.067364799999999
-5.143975999999996 3.016906039999999
-5.2420759999999955 2.965466279999999
-5.340175999999995 2.913045519999999
-5.438275999999995 2.859643759999999
-5.536375999999994 2.8052609999999993
-5.634475999999994 2.7498972399999992
-5.732575999999994 2.6935524799999992
-5.830675999999993 2.6362267199999994
-5.928775999999993 2.5779199599999996
-6.026875999999993 2.5186321999999994
-6.124975999999992 2.4583634399999994
-6.223075999999992 2.3971136799999995
-6.3211759999999915 2.3348829199999996
-6.419275999999991 2.27167116
-6.517375999999991 2.2074784
-6.61547599999999 2.14230464
-6.71357599999999 2.07614988
-6.81167599999999 2.0090141200000002
-6.909775999999989 1.9408973600000003
-7.007875999999989 1.8717996000000006
-7.1059759999999885 1.8017208400000007
-7.204075999999988 1.7306610800000009
-7.302175999999988 1.658620320000001
-7.400275999999987 1.585598560000001
-7.498375999999987 1.5115958000000012
-7.596475999999987 1.4366120400000013
-7.694575999999986 1.3606472800000013
-7.792675999999986 1.2837015200000015
-7.890775999999986 1.2057747600000017
-7.988875999999985 1.1268670000000018
-8.086975999999986 1.046978240000002
-8.185075999999986 0.9661084800000022
-8.283175999999987 0.8842577200000022
-8.381275999999987 0.8014259600000024
-8.479375999999988 0.7176132000000026
-8.577475999999988 0.6328194400000027
-8.675575999999989 0.5470446800000028
-8.77367599999999 0.46028892000000293
-8.87177599999999 0.372552160000003
-8.96987599999999 0.28383440000000315
-9.067975999999991 0.19413564000000325
-9.166075999999991 0.10345588000000333
-9.264175999999992 1.179512000000342e-2
-9.362275999999992 -8.08466399999965e-2
7.3917207999999945 7.489820799999994e-2
7.293620799999995 0.14881541599999987
7.195520799999995 0.22175162399999981
7.097420799999996 0.29370683199999975
6.999320799999996 0.3646810399999997
6.901220799999996 0.43467424799999965
6.803120799999997 0.5036864559999996
6.705020799999997 0.5717176639999996
6.6069207999999975 0.6387678719999995
6.508820799999998 0.7048370799999994
6.410720799999998 0.7699252879999994
6.312620799999999 0.8340324959999994
6.214520799999999 0.8971587039999994
6.116420799999999 0.9593039119999994
6.0183208 1.0204681199999994
5.9202208 1.0806513279999994
5.8221208 1.1398535359999995
5.724020800000001 1.1980747439999995
5.625920800000001 1.2553149519999995
5.5278208000000015 1.3115741599999995
5.429720800000002 1.3668523679999995
5.331620800000002 1.4211495759999995
5.233520800000003 1.4744657839999995
5.135420800000003 1.5268009919999996
5.037320800000003 1.5781551999999996
4.939220800000004 1.6285284079999998
4.841120800000004 1.6779206159999998
4.7430208000000045 1.7263318239999998
4.644920800000005 1.7737620319999998
4.546820800000005 1.82021124
4.448720800000006 1.8656794479999999
4.350620800000006 1.910166656
4.252520800000006 1.953672864
4.154420800000007 1.996198072
4.056320800000007 2.0377422800000002
3.958220800000007 2.0783054880000003
3.860120800000007 2.1178876960000004
3.762020800000007 2.1564889040000006
3.6639208000000067 2.1941091120000005
3.5658208000000067 2.2307483200000005
3.4677208000000066 2.2664065280000005
3.3696208000000065 2.3010837360000007
3.2715208000000064 2.334779944000001
3.1734208000000064 2.367495152000001
3.0753208000000063 2.399229360000001
2.977220800000006 2.429982568000001
2.879120800000006 2.4597547760000014
2.781020800000006 2.4885459840000013
2.682920800000006 2.5163561920000013
2.584820800000006 2.5431854000000014
2.486720800000006 2.5690336080000016
2.3886208000000058 2.5939008160000014
2.2905208000000057 2.6177870240000014
2.1924208000000056 2.6406922320000015
2.0943208000000055 2.6626164400000016
1.9962208000000055 2.683559648000002
1.8981208000000054 2.703521856000002
1.8000208000000053 2.722503064000002
1.7019208000000052 2.740503272000002
1.6038208000000052 2.757522480000002
1.505720800000005 2.773560688000002
1.407620800000005 2.788617896000002
1.309520800000005 2.802694104000002
1.2114208000000048 2.8157893120000024
1.1133208000000048 2.8279035200000022
1.0152208000000047 2.839036728000002
0.9171208000000047 2.8491889360000022
0.8190208000000048 2.8583601440000024
0.7209208000000048 2.8665503520000026
0.6228208000000048 2.8737595600000025
0.5247208000000049 2.8799877680000026
0.42662080000000485 2.8852349760000027
0.32852080000000483 2.889501184000003
0.2304208000000048 2.8927863920000028
0.1323208000000048 2.8950906000000027
3.4220800000004784e-2 2.896413808000003
-6.387919999999522e-2 2.896756016000003
-0.16197919999999522 2.896117224000003
-0.26007919999999524 2.8944974320000028
-0.35817919999999526 2.891896640000003
-0.4562791999999953 2.888314848000003
-0.5543791999999953 2.883752056000003
-0.6524791999999953 2.878208264000003
-0.7505791999999952 2.871683472000003
-0.8486791999999952 2.864177680000003
-0.9467791999999952 2.8556908880000034
-1.0448791999999951 2.8462230960000032
-1.1429791999999952 2.835774304000003
-1.2410791999999953 2.8243445120000032
-1.3391791999999954 2.8119337200000034
-1.4372791999999954 2.7985419280000037
-1.5353791999999955 2.7841691360000036
-1.6334791999999956 2.7688153440000036
-1.7315791999999957 2.7524805520000037
-1.8296791999999957 2.735164760000004
-1.9277791999999958 2.716867968000004
-2.025879199999996 2.697590176000004
-2.123979199999996 2.677331384000004
-2.222079199999996 2.656091592000004
-2.320179199999996 2.633870800000004
-2.418279199999996 2.610669008000004
-2.5163791999999963 2.586486216000004
-2.6144791999999963 2.561322424000004
-2.7125791999999964 2.5351776320000043
-2.8106791999999965 2.5080518400000043
-2.9087791999999966 2.4799450480000043
-3.0068791999999966 2.4508572560000044
-3.1049791999999967 2.4207884640000046
-3.203079199999997 2.3897386720000044
-3.301179199999997 2.3577078800000044
-3.399279199999997 2.3246960880000045
-3.497379199999997 2.2907032960000047
-3.595479199999997 2.2557295040000045
-3.693579199999997 2.2197747120000044
-3.7916791999999973 2.1828389200000045
-3.8897791999999973 2.1449221280000046
-3.9878791999999974 2.106024336000005
-4.085979199999997 2.0661455440000047
-4.184079199999997 2.0252857520000047
-4.282179199999996 1.9834449600000048
-4.380279199999996 1.9406231680000048
-4.478379199999996 1.8968203760000049
-4.576479199999995 1.8520365840000048
-4.674579199999995 1.8062717920000049
-4.7726791999999945 1.759526000000005
-4.870779199999994 1.711799208000005
-4.968879199999994 1.6630914160000052
-5.066979199999993 1.6134026240000052
-5.165079199999993 1.5627328320000053
-5.263179199999993 1.5110820400000053
-5.361279199999992 1.4584502480000054
-5.459379199999992 1.4048374560000054
-5.5574791999999915 1.3502436640000055
-5.655579199999991 1.2946688720000057
-5.753679199999991 1.2381130800000058
-5.85177919999999 1.180576288000006
-5.94987919999999 1.122058496000006
-6.04797919999999 1.062559704000006
-6.146079199999989 1.0020799120000061
-6.244179199999989 0.9406191200000062
-6.342279199999989 0.8781773280000064
-6.440379199999988 0.8147545360000065
-6.538479199999988 0.7503507440000066
-6.6365791999999875 0.6849659520000067
-6.734679199999987 0.6186001600000067
-6.832779199999987 0.5512533680000069
-6.930879199999986 0.482925576000007
-7.028979199999986 0.4136167840000071
-7.127079199999986 0.34332699200000727
-7.225179199999985 0.2720562000000074
-7.323279199999985 0.19980440800000754
-7.4213791999999845 0.1265716160000077
-7.519479199999984 5.235782400000784e-2
-7.617579199999984 -2.2836967999992006e-2
5.995963359999988 6.094063359999988e-2
5.897863359999988 0.12090026719999976
5.7997633599999885 0.17987890079999963
5.701663359999989 0.2378765343999995
5.603563359999989 0.2948931679999994
5.50546335999999 0.3509288015999993
5.40736335999999 0.4059834351999992
5.30926335999999 0.4600570687999991
5.211163359999991 0.513149702399999
5.113063359999991 0.565261335999999
5.014963359999991 0.6163919695999989
4.916863359999992 0.6665416031999988
4.818763359999992 0.7157102367999987
4.7206633599999925 0.7638978703999986
4.622563359999993 0.8111045039999984
4.524463359999993 0.8573301375999984
4.426363359999994 0.9025747711999984
4.328263359999994 0.9468384047999984
4.230163359999994 0.9901210383999983
4.132063359999995 1.0324226719999983
4.033963359999995 1.0737433055999983
3.935863359999995 1.1140829391999982
3.837763359999995 1.1534415727999983
3.739663359999995 1.1918192063999982
3.641563359999995 1.2292158399999982
3.5434633599999947 1.265631473599998
3.4453633599999947 1.301066107199998
3.3472633599999946 1.335519740799998
3.2491633599999945 1.3689923743999979
3.1510633599999944 1.4014840079999977
3.0529633599999944 1.4329946415999977
2.9548633599999943 1.4635242751999977
2.856763359999994 1.4930729087999977
2.758663359999994 1.5216405423999977
2.660563359999994 1.5492271759999976
2.562463359999994 1.5758328095999976
2.464363359999994 1.6014574431999975
2.366263359999994 1.6261010767999975
2.2681633599999937 1.6497637103999974
2.1700633599999937 1.6724453439999973
2.0719633599999936 1.6941459775999972
1.9738633599999935 1.7148656111999971
1.8757633599999934 1.734604244799997
1.7776633599999934 1.753361878399997
1.6795633599999933 1.771138511999997
1.5814633599999932 1.7879341455999969
1.4833633599999931 1.8037487791999969
1.385263359999993 1.8185824127999968
1.287163359999993 1.8324350463999968
1.189063359999993 1.8453066799999966
1.0909633599999928 1.8571973135999966
0.9928633599999929 1.8681069471999965
0.8947633599999929 1.8780355807999964
0.7966633599999929 1.8869832143999963
0.698563359999993 1.8949498479999962
0.600463359999993 1.9019354815999963
0.502363359999993 1.9079401151999962
0.404263359999993 1.9129637487999962
0.306163359999993 1.917006382399996
0.20806335999999298 1.920068015999996
0.10996335999999297 1.922148649599996
1.1863359999992967e-2 1.923248283199996
-8.623664000000704e-2 1.9233669167999958
-0.18433664000000705 1.9225045503999958
-0.28243664000000707 1.9206611839999956
-0.3805366400000071 1.9178368175999956
-0.4786366400000071 1.9140314511999954
-0.5767366400000071 1.9092450847999953
-0.6748366400000071 1.9034777183999954
-0.7729366400000071 1.8967293519999953
-0.871036640000007 1.8889999855999953
-0.969136640000007 1.8802896191999952
-1.067236640000007 1.8705982527999951
-1.1653366400000071 1.859925886399995
-1.2634366400000072 1.848272519999995
-1.3615366400000073 1.8356381535999948
-1.4596366400000074 1.8220227871999948
-1.5577366400000074 1.8074264207999946
-1.6558366400000075 1.7918490543999945
-1.7539366400000076 1.7752906879999946
-1.8520366400000077 1.7577513215999945
-1.9501366400000077 1.7392309551999945
-2.048236640000008 1.7197295887999944
-2.146336640000008 1.6992472223999944
-2.244436640000008 1.6777838559999942
-2.342536640000008 1.6553394895999942
-2.440636640000008 1.631914123199994
-2.538736640000008 1.607507756799994
-2.6368366400000083 1.5821203903999939
-2.7349366400000084 1.5557520239999938
-2.8330366400000084 1.5284026575999936
-2.9311366400000085 1.5000722911999935
-3.0292366400000086 1.4707609247999935
-3.1273366400000087 1.4404685583999934
-3.2254366400000087 1.4091951919999934
-3.323536640000009 1.3769408255999933
-3.421636640000009 1.3437054591999933
-3.519736640000009 1.3094890927999931
-3.617836640000009 1.274291726399993
-3.715936640000009 1.238113359999993
-3.814036640000009 1.2009539935999929
-3.9121366400000093 1.1628136271999927
-4.010236640000009 1.1236922607999926
-4.108336640000009 1.0835898943999924
-4.206436640000009 1.0425065279999923
-4.304536640000008 1.0004421615999923
-4.402636640000008 0.9573967951999922
-4.5007366400000075 0.9133704287999921
-4.598836640000007 0.8683630623999921
-4.696936640000007 0.822374695999992
-4.795036640000006 0.775405329599992
-4.893136640000006 0.7274549631999919
-4.991236640000006 0.6785235967999919
-5.089336640000005 0.6286112303999918
-5.187436640000005 0.5777178639999917
-5.285536640000005 0.5258434975999916
-5.383636640000004 0.47298813119999156
-5.481736640000004 0.4191517647999915
-5.5798366400000035 0.3643343983999915
-5.677936640000003 0.30853603199999147
-5.776036640000003 0.25175666559999144
-5.874136640000002 0.1939962991999914
-5.972236640000002 0.13525493279999137
-6.070336640000002 7.553256639999135e-2
-6.168436640000001 1.4829199999991334e-2
-6.266536640000001 -4.685516640000868e-2
4.915129312000001 5.013229312000001e-2
4.817029312000002 9.928358624000003e-2
4.718929312000002 0.14745387936000004
4.620829312000002 0.19464317248000007
4.522729312000003 0.2408514656000001
4.424629312000003 0.2860787587200001
4.3265293120000035 0.33032505184000016
4.228429312000004 0.3735903449600002
4.130329312000004 0.41587463808000025
4.032229312000005 0.4571779312000003
3.9341293120000045 0.4975002243200003
3.8360293120000044 0.5368415174400003
3.7379293120000043 0.5752018105600003
3.6398293120000043 0.6125811036800004
3.541729312000004 0.6489793968000005
3.443629312000004 0.6843966899200006
3.345529312000004 0.7188329830400007
3.247429312000004 0.7522882761600007
3.149329312000004 0.7847625692800008
3.051229312000004 0.8162558624000008
2.9531293120000037 0.8467681555200008
2.8550293120000036 0.8762994486400009
2.7569293120000036 0.9048497417600009
2.6588293120000035 0.9324190348800009
2.5607293120000034 0.9590073280000009
2.4626293120000033 0.9846146211200009
2.3645293120000033 1.009240914240001
2.266429312000003 1.032886207360001
2.168329312000003 1.055550500480001
2.070229312000003 1.077233793600001
1.972129312000003 1.097936086720001
1.874029312000003 1.117657379840001
1.7759293120000028 1.136397672960001
1.6778293120000027 1.154156966080001
1.5797293120000027 1.170935259200001
1.4816293120000026 1.1867325523200012
1.3835293120000025 1.2015488454400012
1.2854293120000024 1.2153841385600013
1.1873293120000024 1.2282384316800012
1.0892293120000023 1.2401117248000013
0.9911293120000023 1.2510040179200013
0.8930293120000024 1.2609153110400013
0.7949293120000024 1.2698456041600013
0.6968293120000024 1.2777948972800013
0.5987293120000025 1.2847631904000014
0.5006293120000025 1.2907504835200014
0.40252931200000247 1.2957567766400016
0.30442931200000245 1.2997820697600015
0.20632931200000243 1.3028263628800016
0.10822931200000242 1.3048896560000016
1.0129312000002416e-2 1.3059719491200017
-8.797068799999759e-2 1.3060732422400017
-0.1860706879999976 1.3051935353600017
-0.2841706879999976 1.3033328284800016
-0.38227068799999764 1.3004911216000017
-0.48037068799999766 1.2966684147200016
-0.5784706879999977 1.2918647078400016
-0.6765706879999976 1.2860800009600017
-0.7746706879999976 1.2793142940800017
-0.8727706879999976 1.2715675872000018
-0.9708706879999975 1.2628398803200018
-1.0689706879999976 1.253131173440002
-1.1670706879999977 1.2424414665600019
-1.2651706879999978 1.230770759680002
-1.3632706879999978 1.2181190528000019
-1.461370687999998 1.204486345920002
-1.559470687999998 1.1898726390400018
-1.657570687999998 1.1742779321600019
-1.7556706879999981 1.157702225280002
-1.8537706879999982 1.140145518400002
-1.9518706879999983 1.121607811520002
-2.0499706879999984 1.102089104640002
-2.1480706879999985 1.0815893977600022
-2.2461706879999985 1.0601086908800021
-2.3442706879999986 1.0376469840000022
-2.4423706879999987 1.0142042771200022
-2.5404706879999988 0.9897805702400022
-2.638570687999999 0.9643758633600023
-2.736670687999999 0.9379901564800023
-2.834770687999999 0.9106234496000023
-2.932870687999999 0.8822757427200023
-3.030970687999999 0.8529470358400023
-3.129070687999999 0.8226373289600023
-3.2271706879999993 0.7913466220800023
-3.3252706879999994 0.7590749152000023
-3.4233706879999994 0.7258222083200022
-3.5214706879999995 0.6915885014400023
-3.6195706879999996 0.6563737945600023
-3.7176706879999997 0.6201780876800024
-3.8157706879999997 0.5830013808000024
-3.913870688 0.5448436739200024
-4.011970688 0.5057049670400025
-4.1100706879999995 0.46558526016000246
-4.208170687999999 0.42448455328000245
-4.306270687999999 0.38240284640000244
-4.404370687999998 0.33934013952000247
-4.502470687999998 0.2952964326400025
-4.600570687999998 0.2502717257600025
-4.698670687999997 0.20426601888000254
-4.796770687999997 0.15727931200000256
-4.894870687999997 0.1093116051200026
-4.992970687999996 6.036289824000263e-2
-5.091070687999996 1.0433191360002661e-2
-5.1891706879999955 -4.04775155199973e-2
4.053236550399997 4.151336550399996e-2
3.9551365503999967 8.204573100799993e-2
3.8570365503999966 0.1215970965119999
3.7589365503999965 0.16016746201599988
3.6608365503999964 0.19775682751999984
3.5627365503999964 0.2343651930239998
3.4646365503999963 0.26999255852799975
3.366536550399996 0.3046389240319997
3.268436550399996 0.33830428953599967
3.170336550399996 0.3709886550399996
3.072236550399996 0.40269202054399955
2.974136550399996 0.43341438604799953
2.876036550399996 0.4631557515519995
2.7779365503999958 0.49191611705599947
2.6798365503999957 0.5196954825599994
2.5817365503999956 0.5464938480639994
2.4836365503999955 0.5723112135679993
2.3855365503999955 0.5971475790719992
2.2874365503999954 0.6210029445759991
2.1893365503999953 0.643877310079999
2.0912365503999952 0.665770675583999
1.9931365503999952 0.686683041087999
1.895036550399995 0.706614406591999
1.796936550399995 0.725564772095999
1.698836550399995 0.743534137599999
1.6007365503999949 0.7605225031039989
1.5026365503999948 0.7765298686079989
1.4045365503999947 0.7915562341119988
1.3064365503999946 0.8056015996159988
1.2083365503999945 0.8186659651199987
1.1102365503999945 0.8307493306239986
1.0121365503999944 0.8418516961279985
0.9140365503999944 0.8519730616319984
0.8159365503999945 0.8611134271359984
0.7178365503999945 0.8692727926399983
0.6197365503999945 0.8764511581439983
0.5216365503999946 0.8826485236479983
0.42353655039999455 0.8878648891519982
0.32543655039999453 0.8921002546559982
0.2273365503999945 0.8953546201599981
0.1292365503999945 0.897627985663998
3.113655039999448e-2 0.898920351167998
-6.696344960000553e-2 0.8992317166719979
-0.16506344960000552 0.8985620821759978
-0.26316344960000554 0.8969114476799978
-0.36126344960000556 0.8942798131839977
-0.4593634496000056 0.8906671786879977
-0.5574634496000056 0.8860735441919977
-0.6555634496000056 0.8804989096959976
-0.7536634496000055 0.8739432751999976
-0.8517634496000055 0.8664066407039975
-0.9498634496000055 0.8578890062079975
-1.0479634496000054 0.8483903717119974
-1.1460634496000055 0.8379107372159973
-1.2441634496000056 0.8264501027199972
-1.3422634496000057 0.8140084682239971
-1.4403634496000057 0.8005858337279971
-1.5384634496000058 0.7861821992319971
-1.6365634496000059 0.770797564735997
-1.734663449600006 0.754431930239997
-1.832763449600006 0.737085295743997
-1.930863449600006 0.7187576612479969
-2.028963449600006 0.6994490267519968
-2.1270634496000063 0.6791593922559968
-2.2251634496000063 0.6578887577599967
-2.3232634496000064 0.6356371232639966
-2.4213634496000065 0.6124044887679965
-2.5194634496000066 0.5881908542719964
-2.6175634496000066 0.5629962197759963
-2.7156634496000067 0.5368205852799963
-2.813763449600007 0.5096639507839963
-2.911863449600007 0.48152631628799625
-3.009963449600007 0.4524076817919962
-3.108063449600007 0.42230804729599614
-3.206163449600007 0.39122741279999607
-3.304263449600007 0.359165778303996
-3.4023634496000073 0.3261231438079959
-3.5004634496000073 0.2920995093119958
-3.5985634496000074 0.25709487481599574
-3.6966634496000075 0.22110924031999568
-3.7947634496000076 0.1841426058239956
-3.8928634496000076 0.14619497132799553
-3.9909634496000077 0.10726633683199545
-4.089063449600007 6.735670233599536e-2
-4.187163449600007 2.6466067839995285e-2
-4.285263449600007 -1.5405566656004788e-2
3.3301107596800055 3.428210759680005e-2
3.2320107596800054 6.758321519360011e-2
3.1339107596800053 9.990332279040016e-2
3.0358107596800052 0.1312424303872002
2.937710759680005 0.16160053798400026
2.839610759680005 0.19097764558080033
2.741510759680005 0.21937375317760038
2.643410759680005 0.24678886077440043
2.545310759680005 0.27322296837120047
2.447210759680005 0.2986760759680005
2.3491107596800047 0.3231481835648006
2.2510107596800046 0.34663929116160064
2.1529107596800046 0.3691493987584007
2.0548107596800045 0.39067850635520074
1.9567107596800044 0.4112266139520008
1.8586107596800043 0.4307937215488008
1.7605107596800043 0.4493798291456008
1.6624107596800042 0.4669849367424009
1.564310759680004 0.48360904433920093
1.466210759680004 0.499252151936001
1.368110759680004 0.513914259532801
1.2700107596800039 0.5275953671296011
1.1719107596800038 0.5402954747264012
1.0738107596800037 0.5520145823232012
0.9757107596800038 0.5627526899200013
0.8776107596800038 0.5725097975168013
0.7795107596800038 0.5812859051136013
0.6814107596800039 0.5890810127104014
0.5833107596800039 0.5958951203072014
0.4852107596800039 0.6017282279040014
0.38711075968000386 0.6065803355008014
0.28901075968000384 0.6104514430976014
0.19091075968000382 0.6133415506944014
9.281075968000381e-2 0.6152506582912015
-5.289240319996197e-3 0.6161787658880016
-0.1033892403199962 0.6161258734848016
-0.2014892403199962 0.6150919810816017
-0.29958924031999623 0.6130770886784017
-0.39768924031999625 0.6100811962752017
-0.49578924031999627 0.6061043038720018
-0.5938892403199962 0.6011464114688018
-0.6919892403199962 0.5952075190656018
-0.7900892403199962 0.5882876266624018
-0.8881892403199961 0.5803867342592018
-0.9862892403199961 0.5715048418560019
-1.0843892403199962 0.561641949452802
-1.1824892403199962 0.550798057049602
-1.2805892403199963 0.5389731646464021
-1.3786892403199964 0.5261672722432021
-1.4767892403199965 0.5123803798400022
-1.5748892403199966 0.4976124874368022
-1.6729892403199966 0.4818635950336022
-1.7710892403199967 0.46513370263040227
-1.8691892403199968 0.4474228102272023
-1.9672892403199969 0.42873091782400236
-2.065389240319997 0.4090580254208024
-2.163489240319997 0.3884041330176024
-2.261589240319997 0.3667692406144024
-2.359689240319997 0.34415334821120247
-2.4577892403199972 0.3205564558080025
-2.5558892403199973 0.29597856340480255
-2.6539892403199974 0.2704196710016026
-2.7520892403199975 0.2438797785984026
-2.8501892403199975 0.21635888619520263
-2.9482892403199976 0.18785699379200266
-3.0463892403199977 0.15837410138880267
-3.1444892403199978 0.1279102089856027
-3.242589240319998 9.646531658240273e-2
-3.340689240319998 6.403942417920275e-2
-3.438789240319998 3.0632531776002767e-2
-3.536889240319998 -3.755360627197217e-3
2.7314113922559984 2.8295113922559983e-2
2.6333113922559983 5.560922784511997e-2
2.5352113922559982 8.194234176767995e-2
2.437111392255998 0.10729445569023993
2.339011392255998 0.1316655696127999
2.240911392255998 0.1550556835353599
2.142811392255998 0.17746479745791988
2.044711392255998 0.19889291138047985
1.9466113922559978 0.21934002530303984
1.8485113922559977 0.23880613922559982
1.7504113922559976 0.2572912531481598
1.6523113922559975 0.2747953670707198
1.5542113922559975 0.2913184809932797
1.4561113922559974 0.3068605949158397
1.3580113922559973 0.3214217088383997
1.2599113922559972 0.3350018227609597
1.1618113922559972 0.34760093668351966
1.063711392255997 0.3592190506060796
0.9656113922559971 0.36985616452863956
0.8675113922559972 0.37951227845119956
0.7694113922559972 0.38818739237375954
0.6713113922559972 0.3958815062963195
0.5732113922559973 0.4025946202188795
0.47511139225599724 0.40832673414143944
0.3770113922559972 0.4130778480639994
0.2789113922559972 0.4168479619865594
0.18081139225599718 0.41963707590911936
8.271139225599718e-2 0.42144518983167933
-1.538860774400283e-2 0.4222723037542393
-0.11348860774400284 0.42211841767679925
-0.21158860774400284 0.4209835315993592
-0.30968860774400286 0.4188676455219192
-0.4077886077440029 0.41577075944447917
-0.5058886077440029 0.41169287336703914
-0.6039886077440029 0.4066339872895991
-0.7020886077440028 0.40059410121215905
-0.8001886077440028 0.39357321513471905
-0.8982886077440028 0.38557132905727903
-0.9963886077440027 0.376588442979839
-1.0944886077440028 0.366624556902399
-1.1925886077440029 0.35567967082495894
-1.290688607744003 0.3437537847475189
-1.388788607744003 0.3308468986700789
-1.486888607744003 0.31695901259263887
-1.5849886077440032 0.30209012651519884
-1.6830886077440033 0.2862402404377588
-1.7811886077440033 0.26940935436031876
-1.8792886077440034 0.2515974682828787
-1.9773886077440035 0.23280458220543868
-2.0754886077440036 0.21303069612799863
-2.1735886077440036 0.1922758100505586
-2.2716886077440037 0.17053992397311857
-2.369788607744004 0.14782303789567852
-2.467888607744004 0.12412515181823848
-2.565988607744004 9.944626574079844e-2
-2.664088607744004 7.378637966335841e-2
-2.762188607744004 4.7145493585918366e-2
-2.860288607744004 1.9523607508478324e-2
-2.9583886077440043 -9.079278568961718e-3
2.2686108861952032 2.3667108861952033e-2
2.170510886195203 4.6353217723904064e-2
2.072410886195203 6.805832658585609e-2
1.974310886195203 8.878243544780812e-2
1.876210886195203 0.10852554430976015
1.7781108861952029 0.12728765317171217
1.6800108861952028 0.1450687620336642
1.5819108861952027 0.16186887089561622
1.4838108861952026 0.17768797975756825
1.3857108861952026 0.19252608861952028
1.2876108861952025 0.2063831974814723
1.1895108861952024 0.21925930634342433
1.0914108861952023 0.23115441520537636
0.9933108861952024 0.24206852406732837
0.8952108861952024 0.2520016329292804
0.7971108861952024 0.26095374179123243
0.6990108861952025 0.26892485065318444
0.6009108861952025 0.27591495951513645
0.5028108861952025 0.2819240683770885
0.4047108861952025 0.28695217723904054
0.3066108861952025 0.29099928610099257
0.20851088619520247 0.2940653949629446
0.11041088619520247 0.2961505038248966
1.2310886195202458e-2 0.2972546126868486
-8.578911380479755e-2 0.29737772154880066
-0.18388911380479755 0.2965198304107527
-0.2819891138047976 0.2946809392727047
-0.3800891138047976 0.29186104813465674
-0.4781891138047976 0.28806015699660875
-0.5762891138047976 0.28327826585856075
-0.6743891138047976 0.2775153747205128
-0.7724891138047976 0.27077148358246483
-0.8705891138047975 0.26304659244441686
-0.9686891138047975 0.2543407013063689
-1.0667891138047976 0.2446538101683209
-1.1648891138047976 0.23398591903027294
-1.2629891138047977 0.22233702789222495
-1.3610891138047978 0.209707136754177
-1.4591891138047979 0.196096245616129
-1.557289113804798 0.18150435447808103
-1.655389113804798 0.16593146334003306
-1.753489113804798 0.14937757220198508
-1.8515891138047982 0.1318426810639371
-1.9496891138047983 0.11332678992588911
-2.0477891138047983 9.382989878784113e-2
-2.1458891138047984 7.335200764979315e-2
-2.2439891138047985 5.189311651174516e-2
-2.3420891138047986 2.9453225373697177e-2
-2.4401891138047986 6.0323342356491914e-3
-2.5382891138047987 -1.8369556902398797e-2
